55536	0.399139806777987	0	0	42.2726510137176
55537	0.400252529887997	0	0	42.3432371765852
55538	0.411074242386502	0	0	42.4134043263434
55539	0.405293009147757	0	0	42.4831550760769
55540	0.408755263860525	0	0	42.5524920225831
55541	0.411002086984277	0	0	42.6214177464729
55542	0.410146200041860	0	0	42.6899348122721
55543	0.410957131821968	0	0	42.7580457685217
55544	0.408722230460208	0	0	42.8257531478770
55545	0.408739013587455	0	0	42.8930594672074
55546	0.401763447459185	0	0	42.9599672276940
55547	0.405589645082390	0	0	43.0264789149278
55548	0.405401931609634	0	0	43.0925969990071
55549	0.413326734291360	0	0	43.1583239346336
55550	0.410502494191194	0	0	43.2236621612085
55551	0.403420807095405	0	0	43.2886141029281
55552	0.417561851803792	0	0	43.3531821688783
55553	0.412989741911009	0	0	43.4173687531291
55554	0.414779170669728	0	0	43.4811762348276
55555	0.408985605302921	0	0	43.5446069782919
55556	0.407690002705517	0	0	43.6076633331026
55557	0.414216347611886	0	0	43.6703476341954
55558	0.409065793258664	0	0	43.7326622019520
55559	0.413216813589274	0	0	43.7946093422909
55560	0.409555526036430	0	0	43.8561913467575
55561	0.406774350337184	0	0	43.9174104926139
55562	0.416190986218249	0	0	43.9782690429276
55563	0.413675011649872	0	0	44.0387692466602
55564	0.409371843703013	0	0	44.0989133387554
55565	0.409122249077846	0	0	44.1587035402261
55566	0.414371595097206	0	0	44.2181420582415
55567	0.410954515532381	0	0	44.2772310862131
55568	0.410305464273313	0	0	44.3359728038809
55569	0.402830835803597	0	0	44.3943693773982
55570	0.405622633472482	0	0	44.4524229594163
55571	0.404928448751719	0	0	44.5101356891690
55572	0.414874420074170	0	0	44.5675096925560
55573	0.401234557401360	0	0	44.6245470822259
55574	0.408387868063246	0	0	44.6812499576591
55575	0.413986305467376	0	0	44.7376204052496
55576	0.421237762875808	0	0	44.7936604983867
55577	0.416651294160290	0	0	44.8493722975362
55578	0.417556559603613	0	0	44.9047578503205
55579	0.414178911446391	0	0	44.9598191915993
55580	0.416159358592013	0	0	45.0145583435486
55581	0.418123227889743	0	0	45.0689773157399
55582	0.408815161906108	0	0	45.1230781052190
55583	0.410024506597372	0	0	45.1768626965838
55584	0.410299520164053	0	0	45.2303330620621
55585	0.418266034230442	0	0	45.2834911615885
55586	0.414949100776776	0	0	45.3363389428811
55587	0.420483251532467	0	0	45.3888783415178
55588	0.417242366911844	0	0	45.4411112810117
55589	0.415005659799904	0	0	45.4930396728866
55590	0.418947499807119	0	0	45.5446654167514
55591	0.416649352549693	0	0	45.5959904003748
55592	0.412069960553574	0	0	45.6470164997585
55593	0.415576798310318	0	0	45.6977455792111
55594	0.415921473996283	0	0	45.7481794914209
55595	0.409413557308265	0	0	45.7983200775279
55596	0.423988752672163	0	0	45.8481691671963
55597	0.410819945613817	0	0	45.8977285786857
55598	0.418152590140523	0	0	45.9470001189225
55599	0.420065127346751	0	0	45.9959855835702
55600	0.422109228211192	0	0	46.0446867570997
55601	0.419348336144515	0	0	46.0931054128592
55602	0.420694170674289	0	0	46.1412433131434
55603	0.417174402308900	0	0	46.1891022092625
55604	0.419434779045330	0	0	46.2366838416107
55605	0.416109819125629	0	0	46.2839899397338
55606	0.430216230067703	0	0	46.3310222223977
55607	0.415882081638121	0	0	46.3777823976545
55608	0.425005432624804	0	0	46.4242721629103
55609	0.420065345958110	0	0	46.4704932049908
55610	0.418864867788659	0	0	46.5164472002078
55611	0.423243171983411	0	0	46.5621358144243
55612	0.419619451860055	0	0	46.6075607031198
55613	0.426482475637398	0	0	46.6527235114553
55614	0.420307919965832	0	0	46.6976258743370
55615	0.413695655982934	0	0	46.7422694164808
55616	0.423771570445029	0	0	46.7866557524756
55617	0.417099945417148	0	0	46.8307864868463
55618	0.423488193815087	0	0	46.8746632141167
55619	0.423227588669912	0	0	46.9182875188718
55620	0.426266658294008	0	0	46.9616609758197
55621	0.409190530110279	0	0	47.0047851498532
55622	0.424653984343802	0	0	47.0476615961111
55623	0.421813558310639	0	0	47.0902918600386
55624	0.430258886594112	0	0	47.1326774774482
55625	0.417982289545150	0	0	47.1748199745797
55626	0.428885135490963	0	0	47.2167208681592
55627	0.418146207403084	0	0	47.2583816654595
55628	0.420915057272753	0	0	47.2998038643581
55629	0.418274279910163	0	0	47.3409889533960
55630	0.425493582755022	0	0	47.3819384118363
55631	0.428434188192733	0	0	47.4226537097215
55632	0.418576738329808	0	0	47.4631363079313
55633	0.424485090720196	0	0	47.5033876582395
55634	0.428707544088625	0	0	47.5434092033709
55635	0.431312820939329	0	0	47.5832023770578
55636	0.432249923755469	0	0	47.6227686040958
55637	0.424683782156469	0	0	47.6621093003995
55638	0.428427245492286	0	0	47.7012258730583
55639	0.422943566161495	0	0	47.7401197203909
55640	0.427321773071605	0	0	47.7787922320000
55641	0.424382209489450	0	0	47.8172447888271
55642	0.425785218338149	0	0	47.8554787632061
55643	0.426939670136549	0	0	47.8934955189168
55644	0.425523977848861	0	0	47.9312964112386
55645	0.431604025890334	0	0	47.9688827870035
55646	0.432088065500710	0	0	48.0062559846483
55647	0.425761336857496	0	0	48.0434173342674
55648	0.422145032138090	0	0	48.0803681576644
55649	0.427938830461141	0	0	48.1171097684042
55650	0.420468174670079	0	0	48.1536434718642
55651	0.421716404486168	0	0	48.1899705652849
55652	0.423279161875933	0	0	48.2260923378214
55653	0.423071852279647	0	0	48.2620100705933
55654	0.423846529823696	0	0	48.2977250367346
55655	0.427649675026838	0	0	48.3332385014441
55656	0.421672696632594	0	0	48.3685517220343
55657	0.436827572246702	0	0	48.4036659479809
55658	0.426921815726261	0	0	48.4385824209715
55659	0.427333468787021	0	0	48.4733023749541
55660	0.433100338650085	0	0	48.5078270361854
55661	0.430610514198558	0	0	48.5421576232788
55662	0.424205469174227	0	0	48.5762953472520
55663	0.430823125802155	0	0	48.6102414115743
55664	0.433956086399700	0	0	48.6439970122137
55665	0.430290011201405	0	0	48.6775633376835
55666	0.429948709077313	0	0	48.7109415690892
55667	0.433884378668634	0	0	48.7441328801742
55668	0.428752332498129	0	0	48.7771384373658
55669	0.420569081687808	0	0	48.8099593998209
55670	0.435025974786412	0	0	48.8425969194716
55671	0.440886718608740	0	0	48.8750521410694
55672	0.432223827640049	0	0	48.9073262022309
55673	0.432218509870691	0	0	48.9394202334817
55674	0.433922807579109	0	0	48.9713353583007
55675	0.440438987901904	0	0	49.0030726931641
55676	0.435919394020588	0	0	49.0346333475892
55677	0.427446175213049	0	0	49.0660184241773
55678	0.429041223974947	0	0	49.0972290186574
55679	0.428355527170966	0	0	49.1282662199285
55680	0.428842375113489	0	0	49.1591311101026
55681	0.438717495798174	0	0	49.1898247645467
55682	0.428571688364867	0	0	49.2203482519250
55683	0.434527524312779	0	0	49.2507026342407
55684	0.439689458683348	0	0	49.2808889668775
55685	0.432543126814404	0	0	49.3109082986405
55686	0.434447658398934	0	0	49.3407616717980
55687	0.434515689382028	0	0	49.3704501221215
55688	0.434926961303786	0	0	49.3999746789264
55689	0.435538888662932	0	0	49.4293363651125
55690	0.434705880455002	0	0	49.4585361972038
55691	0.438369371690493	0	0	49.4875751853880
55692	0.442941865513976	0	0	49.5164543335565
55693	0.441910244644552	0	0	49.5451746393433
55694	0.433645229981624	0	0	49.5737370941640
55695	0.439398436063401	0	0	49.6021426832548
55696	0.428560822796739	0	0	49.6303923857107
55697	0.431861818718363	0	0	49.6584871745240
55698	0.435422235448532	0	0	49.6864280166223
55699	0.444309890002586	0	0	49.7142158729064
55700	0.438130241863970	0	0	49.7418516982875
55701	0.438800467569611	0	0	49.7693364417250
55702	0.428599142622362	0	0	49.7966710462633
55703	0.446366332066376	0	0	49.8238564490686
55704	0.437811142538299	0	0	49.8508935814660
55705	0.439956129503584	0	0	49.8777833689753
55706	0.439044296416572	0	0	49.9045267313477
55707	0.438209922386105	0	0	49.9311245826014
55708	0.436279654570469	0	0	49.9575778310577
55709	0.431920426985127	0	0	49.9838873793758
55710	0.441689207879290	0	0	50.0100541245892
55711	0.438785875816928	0	0	50.0360789581397
55712	0.434461645822867	0	0	50.0619627659128
55713	0.443839364749586	0	0	50.0877064282723
55714	0.431922487835803	0	0	50.1133108200946
55715	0.444187631170033	0	0	50.1387768108030
55716	0.432412342345425	0	0	50.1641052644015
55717	0.429788923579143	0	0	50.1892970395090
55718	0.437191199835381	0	0	50.2143529893923
55719	0.444634497389041	0	0	50.2392739619998
55720	0.445401843575518	0	0	50.2640607999947
55721	0.450293674487074	0	0	50.2887143407879
55722	0.439924086388914	0	0	50.3132354165705
55723	0.434573546474679	0	0	50.3376248543465
55724	0.428113315977612	0	0	50.3618834759654
55725	0.446362584738533	0	0	50.3860120981538
55726	0.433935046452701	0	0	50.4100115325478
55727	0.434664996655048	0	0	50.4338825857243
55728	0.438411869385300	0	0	50.4576260592331
55729	0.436531634265740	0	0	50.4812427496277
55730	0.437011876835123	0	0	50.5047334484967
55731	0.436409390413329	0	0	50.5280989424946
55732	0.443268839052938	0	0	50.5513400133728
55733	0.440184334176601	0	0	50.5744574380100
55734	0.441424698116787	0	0	50.5974519884424
55735	0.451021278950294	0	0	50.6203244318943
55736	0.438056315317103	0	0	50.6430755308077
55737	0.444395725943270	0	0	50.6657060428724
55738	0.440900560351158	0	0	50.6882167210554
55739	0.439631476690180	0	0	50.7106083136304
55740	0.440039130975724	0	0	50.7328815642073
55741	0.444553535666117	0	0	50.7550372117608
55742	0.442999664396800	0	0	50.7770759906597
55743	0.436444812954712	0	0	50.7989986306953
55744	0.437370742194383	0	0	50.8208058571102
55745	0.432551330639074	0	0	50.8424983906267
55746	0.433922679323999	0	0	50.8640769474745
55747	0.434984689440763	0	0	50.8855422394192
55748	0.444468289130991	0	0	50.9068949737899
55749	0.441333669260714	0	0	50.9281358535069
55750	0.436420229076480	0	0	50.9492655771092
55751	0.448363266162683	0	0	50.9702848387819
55752	0.434933583509471	0	0	50.9911943283829
55753	0.444031818298582	0	0	51.0119947314705
55754	0.447551885379988	0	0	51.0326867293298
55755	0.444290594814897	0	0	51.0532709989995
55756	0.448901592055710	0	0	51.0737482132982
55757	0.442073282576179	0	0	51.0941190408508
55758	0.447457964874457	0	0	51.1143841461147
55759	0.442688147982848	0	0	51.1345441894057
55760	0.442069667522354	0	0	51.1545998269240
55761	0.449640105296147	0	0	51.1745517107794
55762	0.443918722703556	0	0	51.1944004890172
55763	0.445866646807936	0	0	51.2141468056437
55764	0.451723697554224	0	0	51.2337913006506
55765	0.441053787129208	0	0	51.2533346100410
55766	0.440342805462468	0	0	51.2727773658534
55767	0.444465473642669	0	0	51.2921201961870
55768	0.441922150344111	0	0	51.3113637252260
55769	0.446870458847760	0	0	51.3305085732642
55770	0.446856412304490	0	0	51.3495553567288
55771	0.441379406532021	0	0	51.3685046882050
55772	0.441003712524037	0	0	51.3873571764598
55773	0.447782150074614	0	0	51.4061134264656
55774	0.445701019507243	0	0	51.4247740394241
55775	0.440238373476075	0	0	51.4433396127896
55776	0.445276816706489	0	0	51.4618107402927
55777	0.444697527458806	0	0	51.4801880119631
55778	0.441424692949627	0	0	51.4984720141527
55779	0.446833234847789	0	0	51.5166633295589
55780	0.439719675680061	0	0	51.5347625372472
55781	0.445736248786467	0	0	51.5527702126735
55782	0.452565811414755	0	0	51.5706869277071
55783	0.443167403436631	0	0	51.5885132506528
55784	0.443166146880792	0	0	51.6062497462730
55785	0.455400378188042	0	0	51.6238969758103
55786	0.449142509185127	0	0	51.6414554970088
55787	0.440278971804301	0	0	51.6589258641361
55788	0.450939726978773	0	0	51.6763086280052
55789	0.445706422660094	0	0	51.6936043359960
55790	0.447026105065567	0	0	51.7108135320764
55791	0.449720820705836	0	0	51.7279367568239
55792	0.449397900683123	0	0	51.7449745474463
55793	0.445934713853461	0	0	51.7619274378034
55794	0.453463381053364	0	0	51.7787959584270
55795	0.447322062422222	0	0	51.7955806365426
55796	0.438963598190475	0	0	51.8122819960892
55797	0.445763151783296	0	0	51.8289005577400
55798	0.451779240336797	0	0	51.8454368389232
55799	0.457635029751259	0	0	51.8618913538415
55800	0.450120191753226	0	0	51.8782646134929
55801	0.446819863437547	0	0	51.8945571256902
55802	0.449371022032274	0	0	51.9107693950810
55803	0.447673827436112	0	0	51.9269019231676
55804	0.449074176799869	0	0	51.9429552083262
55805	0.442464000224400	0	0	51.9589297458268
55806	0.450315072075455	0	0	51.9748260278523
55807	0.450317145204919	0	0	51.9906445435180
55808	0.457764750838345	0	0	52.0063857788904
55809	0.448430877380483	0	0	52.0220502170064
55810	0.452671802021399	0	0	52.0376383378922
55811	0.447467847420667	0	0	52.0531506185818
55812	0.457659684972973	0	0	52.0685875331362
55813	0.444677781729333	0	0	52.0839495526614
55814	0.442184298768035	0	0	52.0992371453270
55815	0.450677715597820	0	0	52.1144507763845
55816	0.448277909878962	0	0	52.1295909081857
55817	0.448076094789653	0	0	52.1446580002002
55818	0.447158615893922	0	0	52.1596525090341
55819	0.454529771209753	0	0	52.1745748884473
55820	0.450657131624144	0	0	52.1894255893716
55821	0.449686947289162	0	0	52.2042050599280
55822	0.452216264756740	0	0	52.2189137454444
55823	0.458051741169352	0	0	52.2335520884731
55824	0.450140877851628	0	0	52.2481205288078
55825	0.454524677454390	0	0	52.2626195035012
55826	0.458453444793571	0	0	52.2770494468817
55827	0.446548928311734	0	0	52.2914107905707
55828	0.454691802252187	0	0	52.3057039634992
55829	0.452304896563632	0	0	52.3199293919248
55830	0.446947919175968	0	0	52.3340874994481
55831	0.467078402272082	0	0	52.3481787070296
55832	0.456115741576906	0	0	52.3622034330059
55833	0.452686637228785	0	0	52.3761620931061
55834	0.448429962525398	0	0	52.3900551004681
55835	0.453666778670549	0	0	52.4038828656547
55836	0.447927796892480	0	0	52.4176457966699
55837	0.449109124960416	0	0	52.4313442989743
55838	0.451051566613963	0	0	52.4449787755016
55839	0.447211037585793	0	0	52.4585496266738
55840	0.450179750515116	0	0	52.4720572504172
55841	0.453487566626913	0	0	52.4855020421779
55842	0.458780032503067	0	0	52.4988843949371
55843	0.453797620751834	0	0	52.5122046992267
55844	0.458470581465226	0	0	52.5254633431443
55845	0.454638496248591	0	0	52.5386607123687
55846	0.445924199220080	0	0	52.5517971901745
55847	0.457157320328556	0	0	52.5648731574477
55848	0.454474652586320	0	0	52.5778889927001
55849	0.449037232203683	0	0	52.5908450720843
55850	0.452621512619964	0	0	52.6037417694083
55851	0.456101747019171	0	0	52.6165794561503
55852	0.458973756683631	0	0	52.6293585014730
55853	0.459725877382117	0	0	52.6420792722382
55854	0.465922582109603	0	0	52.6547421330212
55855	0.459815778583620	0	0	52.6673474461246
55856	0.455503502472414	0	0	52.6798955715932
55857	0.452806574676831	0	0	52.6923868672273
55858	0.450448360179933	0	0	52.7048216885973
55859	0.454397709405461	0	0	52.7172003890574
55860	0.461972463303496	0	0	52.7295233197592
55861	0.454537396757919	0	0	52.7417908296656
55862	0.455992899821452	0	0	52.7540032655647
55863	0.455145126873518	0	0	52.7661609720828
55864	0.448305958142661	0	0	52.7782642916983
55865	0.450247822312152	0	0	52.7903135647551
55866	0.457884857590281	0	0	52.8023091294756
55867	0.460905615989987	0	0	52.8142513219741
55868	0.462206275701827	0	0	52.8261404762700
55869	0.457387704646420	0	0	52.8379769243008
55870	0.455768003718168	0	0	52.8497609959350
55871	0.459174765236678	0	0	52.8614930189852
55872	0.457692393067608	0	0	52.8731733192205
55873	0.455994764479489	0	0	52.8848022203799
55874	0.451221178663342	0	0	52.8963800441843
55875	0.451697957951689	0	0	52.9079071103494
55876	0.458974232814542	0	0	52.9193837365982
55877	0.455178274161449	0	0	52.9308102386734
55878	0.449155374506370	0	0	52.9421869303496
55879	0.455850106552715	0	0	52.9535141234457
55880	0.453792924302539	0	0	52.9647921278372
55881	0.458388661854102	0	0	52.9760212514682
55882	0.455762976730986	0	0	52.9872018003631
55883	0.454472668277681	0	0	52.9983340786392
55884	0.461778380502186	0	0	53.0094183885182
55885	0.456349689084501	0	0	53.0204550303382
55886	0.454892163009846	0	0	53.0314443025650
55887	0.454797936146432	0	0	53.0423865018045
55888	0.457116382412281	0	0	53.0532819228137
55889	0.456604126637139	0	0	53.0641308585123
55890	0.461319088934075	0	0	53.0749335999945
55891	0.455464457461328	0	0	53.0856904365401
55892	0.462208298110570	0	0	53.0964016556258
55893	0.464864575422564	0	0	53.1070675429366
55894	0.452352583298716	0	0	53.1176883823766
55895	0.460803959136774	0	0	53.1282644560807
55896	0.466100464580555	0	0	53.1387960444251
55897	0.445288526381005	0	0	53.1492834260385
55898	0.452180821271625	0	0	53.1597268778131
55899	0.461900654472287	0	0	53.1701266749151
55900	0.464259618984560	0	0	53.1804830907956
55901	0.462148470828615	0	0	53.1907963972013
55902	0.456850168793317	0	0	53.2010668641855
55903	0.456531866234543	0	0	53.2112947601180
55904	0.451196130099982	0	0	53.2214803516958
55905	0.455636135026170	0	0	53.2316239039539
55906	0.459253733535264	0	0	53.2417256802751
55907	0.473563186658092	0	0	53.2517859424009
55908	0.461568086512984	0	0	53.2618049504412
55909	0.458171640301539	0	0	53.2717829628848
55910	0.472165474581480	0	0	53.2817202366091
55911	0.463044289522553	0	0	53.2916170268908
55912	0.461774379263565	0	0	53.3014735874153
55913	0.454993391626865	0	0	53.3112901702870
55914	0.459955206899224	0	0	53.3210670260387
55915	0.457546818601605	0	0	53.3308044036419
55916	0.454562042631714	0	0	53.3405025505162
55917	0.465309941301702	0	0	53.3501617125392
55918	0.462162467891071	0	0	53.3597821340559
55919	0.455539434947863	0	0	53.3693640578883
55920	0.455316593054664	0	0	53.3789077253451
55921	0.467238121722927	0	0	53.3884133762309
55922	0.455003642233775	0	0	53.3978812488555
55923	0.461524211787201	0	0	53.4073115800436
55924	0.454924178469073	0	0	53.4167046051436
55925	0.460758386194004	0	0	53.4260605580372
55926	0.459775367631876	0	0	53.4353796711484
55927	0.456285035484776	0	0	53.4446621754523
55928	0.456084603575536	0	0	53.4539083004846
55929	0.464368609910368	0	0	53.4631182743504
55930	0.460190623682590	0	0	53.4722923237327
55931	0.465673815975173	0	0	53.4814306739022
55932	0.463432359323351	0	0	53.4905335487250
55933	0.462434711980250	0	0	53.4996011706723
55934	0.463977871542505	0	0	53.5086337608284
55935	0.461610469297606	0	0	53.5176315388999
55936	0.458688023326226	0	0	53.5265947232237
55937	0.459944161997984	0	0	53.5355235307762
55938	0.467585411502829	0	0	53.5444181771812
55939	0.461617971087541	0	0	53.5532788767187
55940	0.454750200795648	0	0	53.5621058423330
55941	0.464607990312547	0	0	53.5708992856414
55942	0.464299619444560	0	0	53.5796594169420
55943	0.461083212089488	0	0	53.5883864452223
55944	0.457337557652911	0	0	53.5970805781672
55945	0.472064091989435	0	0	53.6057420221672
55946	0.470642117542232	0	0	53.6143709823263
55947	0.471050122456902	0	0	53.6229676624704
55948	0.460188424488485	0	0	53.6315322651547
55949	0.464817178818347	0	0	53.6400649916721
55950	0.464103906868546	0	0	53.6485660420608
55951	0.465991945023210	0	0	53.6570356151124
55952	0.465625308913656	0	0	53.6654739083793
55953	0.461839115983858	0	0	53.6738811181827
55954	0.461467337276375	0	0	53.6822574396201
55955	0.463861047012453	0	0	53.6906030665732
55956	0.463339977150388	0	0	53.6989181917151
55957	0.464054843292728	0	0	53.7072030065180
55958	0.463302155459548	0	0	53.7154577012610
55959	0.465325405960463	0	0	53.7236824650369
55960	0.476088573473757	0	0	53.7318774857602
55961	0.461745183352911	0	0	53.7400429501740
55962	0.472190750663387	0	0	53.7481790438576
55963	0.462234808516707	0	0	53.7562859512337
55964	0.467479993548840	0	0	53.7643638555753
55965	0.454708246118248	0	0	53.7724129390133
55966	0.472564152083397	0	0	53.7804333825435
55967	0.463145146161273	0	0	53.7884253660336
55968	0.457854754029932	0	0	53.7963890682300
55969	0.466646021375493	0	0	53.8043246667652
55970	0.464217165176421	0	0	53.8122323381647
55971	0.472460739390784	0	0	53.8201122578537
55972	0.466837247554208	0	0	53.8279646001638
55973	0.462804573786842	0	0	53.8357895383404
55974	0.468962535187889	0	0	53.8435872445488
55975	0.460358877708928	0	0	53.8513578898816
55976	0.466996155140992	0	0	53.8591016443647
55977	0.466251420761506	0	0	53.8668186769646
55978	0.470668359652629	0	0	53.8745091555943
55979	0.467947126204125	0	0	53.8821732471207
55980	0.465961280380738	0	0	53.8898111173704
55981	0.469552455132027	0	0	53.8974229311366
55982	0.472824243288932	0	0	53.9050088521852
55983	0.469253057933828	0	0	53.9125690432617
55984	0.460054809438718	0	0	53.9201036660969
55985	0.463180643721411	0	0	53.9276128814141
55986	0.461150302313009	0	0	53.9350968489344
55987	0.474590930919859	0	0	53.9425557273836
55988	0.463793554636079	0	0	53.9499896744982
55989	0.463450978902157	0	0	53.9573988470318
55990	0.473011806614159	0	0	53.9647834007606
55991	0.465673491074499	0	0	53.9721434904904
55992	0.467507479626736	0	0	53.9794792700617
55993	0.467889814677978	0	0	53.9867908923564
55994	0.472108810210008	0	0	53.9940785093035
55995	0.465568103614522	0	0	54.0013422718853
55996	0.469044354349107	0	0	54.0085823301427
55997	0.471425067336678	0	0	54.0157988331818
55998	0.475855253837158	0	0	54.0229919291791
55999	0.465583010300677	0	0	54.0301617653879
56000	0.471445977347798	0	0	54.0373084881434
56001	0.462619317941341	0	0	54.0444322428691
56002	0.477909587968935	0	0	54.0515331740817
56003	0.476341659653399	0	0	54.0586114253977
56004	0.465292586320209	0	0	54.0656671395381
56005	0.473246799046120	0	0	54.0727004583346
56006	0.470543092211269	0	0	54.0797115227349
56007	0.470268940564630	0	0	54.0867004728081
56008	0.474221319755878	0	0	54.0936674477504
56009	0.470414495374520	0	0	54.1006125858905
56010	0.467748200384439	0	0	54.1075360246950
56011	0.466206433841119	0	0	54.1144379007736
56012	0.465239700465709	0	0	54.1213183498847
56013	0.470235027399260	0	0	54.1281775069405
56014	0.476270771493970	0	0	54.1350155060123
56015	0.470519474764146	0	0	54.1418324803359
56016	0.479409895016059	0	0	54.1486285623168
56017	0.469615613382992	0	0	54.1554038835351
56018	0.470973274302909	0	0	54.1621585747509
56019	0.475875733715850	0	0	54.1688927659093
56020	0.471420199837353	0	0	54.1756065861456
56021	0.466200183054948	0	0	54.1823001637903
56022	0.465540585349182	0	0	54.1889736263738
56023	0.467990429752730	0	0	54.1956271006320
56024	0.478461077150853	0	0	54.2022607125109
56025	0.480360025558393	0	0	54.2088745871712
56026	0.467914655630685	0	0	54.2154688489939
56027	0.466384445247720	0	0	54.2220436215848
56028	0.467554084676554	0	0	54.2285990277790
56029	0.475237198712441	0	0	54.2351351896463
56030	0.470378918858055	0	0	54.2416522284957
56031	0.468915836770688	0	0	54.2481502648802
56032	0.472287776395168	0	0	54.2546294186012
56033	0.464974242094950	0	0	54.2610898087136
56034	0.463831848401594	0	0	54.2675315535305
56035	0.462992276594043	0	0	54.2739547706272
56036	0.468100300002323	0	0	54.2803595768466
56037	0.473462276585230	0	0	54.2867460883032
56038	0.469749897832503	0	0	54.2931144203878
56039	0.466880779721509	0	0	54.2994646877722
56040	0.478576192143279	0	0	54.3057970044134
56041	0.473275616826361	0	0	54.3121114835581
56042	0.468102178953188	0	0	54.3184082377474
56043	0.470969183791857	0	0	54.3246873788209
56044	0.474943570912710	0	0	54.3309490179211
56045	0.469100417149013	0	0	54.3371932654980
56046	0.467876871233015	0	0	54.3434202313130
56047	0.467110266776533	0	0	54.3496300244435
56048	0.476481809371914	0	0	54.3558227532873
56049	0.468301149486730	0	0	54.3619985255664
56050	0.466459248579632	0	0	54.3681574483315
56051	0.471267564049050	0	0	54.3742996279661
56052	0.466574218488687	0	0	54.3804251701907
56053	0.476756588342218	0	0	54.3865341800670
56054	0.469327879991436	0	0	54.3926267620018
56055	0.485541540780913	0	0	54.3987030197512
56056	0.471038485092707	0	0	54.4047630564247
56057	0.470787425462650	0	0	54.4108069744892
56058	0.472869079745834	0	0	54.4168348757731
56059	0.477847278697998	0	0	54.4228468614699
56060	0.465438178762162	0	0	54.4288430321426
56061	0.472363254241105	0	0	54.4348234877276
56062	0.478798433932706	0	0	54.4407883275382
56063	0.467969009173005	0	0	54.4467376502688
56064	0.474087733669362	0	0	54.4526715539990
56065	0.477308733162331	0	0	54.4585901361967
56066	0.472849792368333	0	0	54.4644934937226
56067	0.472471188143242	0	0	54.4703817228338
56068	0.475598071014284	0	0	54.4762549191875
56069	0.475208107587069	0	0	54.4821131778444
56070	0.478878478902632	0	0	54.4879565932732
56071	0.474778763448692	0	0	54.4937852593535
56072	0.477961387501789	0	0	54.4995992693802
56073	0.481302219835998	0	0	54.5053987160663
56074	0.474365175329893	0	0	54.5111836915474
56075	0.482121937998494	0	0	54.5169542873847
56076	0.469547937429593	0	0	54.5227105945687
56077	0.466151214078301	0	0	54.5284527035231
56078	0.474760229956810	0	0	54.5341807041077
56079	0.471996297989401	0	0	54.5398946856225
56080	0.480082467820694	0	0	54.5455947368111
56081	0.475731416035018	0	0	54.5512809458636
56082	0.473492067209198	0	0	54.5569534004209
56083	0.477471138924916	0	0	54.5626121875776
56084	0.481772431487759	0	0	54.5682573938853
56085	0.477122950241339	0	0	54.5738891053565
56086	0.478445075196759	0	0	54.5795074074674
56087	0.477243104972162	0	0	54.5851123851617
56088	0.479511943315105	0	0	54.5907041228536
56089	0.477931952812725	0	0	54.5962827044313
56090	0.471724225556355	0	0	54.6018482132602
56091	0.467579678247874	0	0	54.6074007321859
56092	0.474251876270338	0	0	54.6129403435381
56093	0.477964085979505	0	0	54.6184671291331
56094	0.469404757657892	0	0	54.6239811702775
56095	0.482277591753873	0	0	54.6294825477712
56096	0.470699890164336	0	0	54.6349713419103
56097	0.475120909671993	0	0	54.6404476324907
56098	0.468106814557937	0	0	54.6459114988110
56099	0.480161488644524	0	0	54.6513630196757
56100	0.474505847567845	0	0	54.6568022733978
56101	0.475828145783737	0	0	54.6622293378026
56102	0.478343094920080	0	0	54.6676442902304
56103	0.471408232070939	0	0	54.6730472075392
56104	0.478515831610070	0	0	54.6784381661084
56105	0.472682336821113	0	0	54.6838172418412
56106	0.482415032464904	0	0	54.6891845101677
56107	0.485087136383692	0	0	54.6945400460481
56108	0.475825552116579	0	0	54.6998839239754
56109	0.483938238000206	0	0	54.7052162179782
56110	0.483264922064369	0	0	54.7105370016239
56111	0.483846997511913	0	0	54.7158463480214
56112	0.479090056996571	0	0	54.7211443298241
56113	0.483828347004827	0	0	54.7264310192324
56114	0.480080737735689	0	0	54.7317064879969
56115	0.481929184561430	0	0	54.7369708074211
56116	0.490349914928756	0	0	54.7422240483639
56117	0.482216941105708	0	0	54.7474662812429
56118	0.483077617186108	0	0	54.7526975760367
56119	0.494621066628966	0	0	54.7579180022879
56120	0.478884316171442	0	0	54.7631276291055
56121	0.486018415295700	0	0	54.7683265251681
56122	0.482194478940501	0	0	54.7735147587260
56123	0.473420878824678	0	0	54.7786923976046
56124	0.475924354878509	0	0	54.7838595092062
56125	0.490915869174151	0	0	54.7890161605132
56126	0.471381550784874	0	0	54.7941624180907
56127	0.474768596654243	0	0	54.7992983480888
56128	0.476917078915935	0	0	54.8044240162455
56129	0.482652088629989	0	0	54.8095394878890
56130	0.478483108977469	0	0	54.8146448279404
56131	0.479660389050176	0	0	54.8197401009163
56132	0.483268100665043	0	0	54.8248253709314
56133	0.491725247184555	0	0	54.8299007017004
56134	0.490016775891052	0	0	54.8349661565414
56135	0.482056034683367	0	0	54.8400217983776
56136	0.483999761207514	0	0	54.8450676897403
56137	0.491263030171967	0	0	54.8501038927709
56138	0.491759641981900	0	0	54.8551304692238
56139	0.489382273541178	0	0	54.8601474804683
56140	0.484999289247483	0	0	54.8651549874915
56141	0.491740304543508	0	0	54.8701530509003
56142	0.486277708640274	0	0	54.8751417309240
56143	0.482823152334411	0	0	54.8801210874164
56144	0.487723634156191	0	0	54.8850911798585
56145	0.480489255199180	0	0	54.8900520673605
56146	0.479482240261016	0	0	54.8950038086644
56147	0.486169289698377	0	0	54.8999464621459
56148	0.486700537843832	0	0	54.9048800858173
56149	0.488370097349798	0	0	54.9098047373289
56150	0.486562604269285	0	0	54.9147204739720
56151	0.488596264301200	0	0	54.9196273526811
56152	0.485362357119581	0	0	54.9245254300354
56153	0.486915820782618	0	0	54.9294147622620
56154	0.492743985014341	0	0	54.9342954052373
56155	0.488854062743676	0	0	54.9391674144897
56156	0.489337040648753	0	0	54.9440308452014
56157	0.480614997420012	0	0	54.9488857522108
56158	0.488834119262892	0	0	54.9537321900146
56159	0.486887563631661	0	0	54.9585702127699
56160	0.488299280661600	0	0	54.9633998742962
56161	0.493666230027256	0	0	54.9682212280778
56162	0.478397676585221	0	0	54.9730343272656
56163	0.497685818599323	0	0	54.9778392246794
56164	0.495465077953465	0	0	54.9826359728096
56165	0.490192163082733	0	0	54.9874246238198
56166	0.485355150672728	0	0	54.9922052295483
56167	0.488044277391567	0	0	54.9969778415106
56168	0.497404596485902	0	0	55.0017425109010
56169	0.492800331640530	0	0	55.0064992885948
56170	0.491128110664060	0	0	55.0112482251504
56171	0.489620081163330	0	0	55.0159893708111
56172	0.480134284245715	0	0	55.0207227755070
56173	0.502200512582988	0	0	55.0254484888571
56174	0.492706644082790	0	0	55.0301665601714
56175	0.495568528663987	0	0	55.0348770384524
56176	0.500871035728581	0	0	55.0395799723973
56177	0.500198876952580	0	0	55.0442754103999
56178	0.490702801598815	0	0	55.0489634005524
56179	0.491774247091974	0	0	55.0536439906474
56180	0.491456755731612	0	0	55.0583172281796
56181	0.497588006207605	0	0	55.0629831603477
56182	0.494796367498239	0	0	55.0676418340563
56183	0.491090902381566	0	0	55.0722932959180
56184	0.498613947812447	0	0	55.0769375922546
56185	0.494124547655074	0	0	55.0815747690993
56186	0.496748472736690	0	0	55.0862048721986
56187	0.488528107835432	0	0	55.0908279470139
56188	0.502128488353521	0	0	55.0954440387232
56189	0.497045728656021	0	0	55.1000531922233
56190	0.496378895362463	0	0	55.1046554521307
56191	0.492301215343170	0	0	55.1092508627844
56192	0.493935269273066	0	0	55.1138394682469
56193	0.500812954535895	0	0	55.1184213123061
56194	0.492983403711734	0	0	55.1229964384771
56195	0.498359896423821	0	0	55.1275648900039
56196	0.498781032889967	0	0	55.1321267098610
56197	0.495832372461362	0	0	55.1366819407550
56198	0.497927965006779	0	0	55.1412306251266
56199	0.490897832575260	0	0	55.1457728051519
56200	0.500874195875480	0	0	55.1503085227442
56201	0.513030795178886	0	0	55.1548378195558
56202	0.501387201946809	0	0	55.1593607369793
56203	0.501357969813505	0	0	55.1638773161493
56204	0.504424132448072	0	0	55.1683875979444
56205	0.509152709448819	0	0	55.1728916229881
56206	0.499367171895373	0	0	55.1773894316511
56207	0.508693617367558	0	0	55.1818810640523
56208	0.501718608052426	0	0	55.1863665600609
56209	0.501318944013798	0	0	55.1908459592973
56210	0.504043580845302	0	0	55.1953193011354
56211	0.508704059078517	0	0	55.1997866247036
56212	0.506796236600975	0	0	55.2042479688863
56213	0.498797889214073	0	0	55.2087033723260
56214	0.509040272846953	0	0	55.2131528734241
56215	0.501753072120984	0	0	55.2175965103430
56216	0.512893806723091	0	0	55.2220343210070
56217	0.507788924044139	0	0	55.2264663431044
56218	0.501168642655263	0	0	55.2308926140884
56219	0.498012900916930	0	0	55.2353131711790
56220	0.510634425640809	0	0	55.2397280513644
56221	0.503039506921170	0	0	55.2441372914020
56222	0.508179875767269	0	0	55.2485409278205
56223	0.496606932003374	0	0	55.2529389969207
56224	0.504661938726855	0	0	55.2573315347775
56225	0.514435114226768	0	0	55.2617185772409
56226	0.505131520395283	0	0	55.2661001599376
56227	0.511210351215860	0	0	55.2704763182720
56228	0.520671459228923	0	0	55.2748470874284
56229	0.507175207119012	0	0	55.2792125023716
56230	0.517304758277762	0	0	55.2835725978484
56231	0.503949052392615	0	0	55.2879274083895
56232	0.508778131929091	0	0	55.2922769683101
56233	0.519585732587717	0	0	55.2966213117118
56234	0.512180987377936	0	0	55.3009604724836
56235	0.509608424565153	0	0	55.3052944843034
56236	0.507848655118313	0	0	55.3096233806393
56237	0.517880289274506	0	0	55.3139471947509
56238	0.513775342861097	0	0	55.3182659596904
56239	0.518171072579430	0	0	55.3225797083043
56240	0.511410458358277	0	0	55.3268884732343
56241	0.513248184026787	0	0	55.3311922869187
56242	0.508338788055203	0	0	55.3354911815939
56243	0.519239108152336	0	0	55.3397851892952
56244	0.512982685032172	0	0	55.3440743418584
56245	0.516291846313568	0	0	55.3483586709210
56246	0.515046000427064	0	0	55.3526382079234
56247	0.516958564101909	0	0	55.3569129841100
56248	0.516433422464850	0	0	55.3611830305306
56249	0.517618292247935	0	0	55.3654483780415
56250	0.514118615673689	0	0	55.3697090573069
56251	0.508571624406379	0	0	55.3739650987998
56252	0.518926106010361	0	0	55.3782165328034
56253	0.509605859546534	0	0	55.3824633894123
56254	0.511951878770206	0	0	55.3867056985334
56255	0.519579784048279	0	0	55.3909434898874
56256	0.518587701053400	0	0	55.3951767930099
56257	0.524466594941773	0	0	55.3994056372524
56258	0.513076663301364	0	0	55.4036300517836
56259	0.524827268243863	0	0	55.4078500655903
56260	0.510875152519712	0	0	55.4120657074790
56261	0.517341567613678	0	0	55.4162770060764
56262	0.518095136302636	0	0	55.4204839898310
56263	0.517912631016414	0	0	55.4246866870143
56264	0.518779407212893	0	0	55.4288851257212
56265	0.522679068022848	0	0	55.4330793338719
56266	0.520194422751055	0	0	55.4372693392127
56267	0.518604075280261	0	0	55.4414551693167
56268	0.524441208322998	0	0	55.4456368515855
56269	0.523933982832043	0	0	55.4498144132499
56270	0.512633194314602	0	0	55.4539878813711
56271	0.517484304224383	0	0	55.4581572828417
56272	0.517531290392170	0	0	55.4623226443866
56273	0.523996150074310	0	0	55.4664839925646
56274	0.526533418871270	0	0	55.4706413537685
56275	0.521861933724141	0	0	55.4747947542271
56276	0.519510924760164	0	0	55.4789442200057
56277	0.524001859216178	0	0	55.4830897770071
56278	0.523707929313865	0	0	55.4872314509728
56279	0.524142478494868	0	0	55.4913692674840
56280	0.526837653141686	0	0	55.4955032519624
56281	0.523602246822215	0	0	55.4996334296716
56282	0.521074340067552	0	0	55.5037598257173
56283	0.521242604028286	0	0	55.5078824650494
56284	0.514122603487183	0	0	55.5120013724620
56285	0.520331233316489	0	0	55.5161165725948
56286	0.523845290818968	0	0	55.5202280899341
56287	0.521863204907414	0	0	55.5243359488135
56288	0.521479826853969	0	0	55.5284401734152
56289	0.524050397608457	0	0	55.5325407877706
56290	0.521804130244811	0	0	55.5366378157615
56291	0.515954017855802	0	0	55.5407312811209
56292	0.513472215531282	0	0	55.5448212074339
56293	0.522640598414629	0	0	55.5489076181388
56294	0.523422932580423	0	0	55.5529905365276
56295	0.527152448155144	0	0	55.5570699857477
56296	0.518981345887774	0	0	55.5611459888018
56297	0.520224109422549	0	0	55.5652185685496
56298	0.520485257506393	0	0	55.5692877477083
56299	0.531411245442359	0	0	55.5733535488537
56300	0.526012014324437	0	0	55.5774159944209
56301	0.529016200967840	0	0	55.5814751067050
56302	0.522829079879458	0	0	55.5855309078627
56303	0.525369314058067	0	0	55.5895834199123
56304	0.517627445047650	0	0	55.5936326647351
56305	0.518653750034077	0	0	55.5976786640760
56306	0.513591328262091	0	0	55.6017214395446
56307	0.525084083801099	0	0	55.6057610126158
56308	0.519318007234550	0	0	55.6097974046307
56309	0.525296984527603	0	0	55.6138306367975
56310	0.520033823107716	0	0	55.6178607301923
56311	0.511412229955775	0	0	55.6218877057599
56312	0.522135932666165	0	0	55.6259115843146
56313	0.517650315669014	0	0	55.6299323865412
56314	0.519919980100800	0	0	55.6339501329955
56315	0.520340431851812	0	0	55.6379648441053
56316	0.531051604049608	0	0	55.6419765401711
56317	0.521110006109307	0	0	55.6459852413670
56318	0.526590641610777	0	0	55.6499909677416
56319	0.529156678050067	0	0	55.6539937392184
56320	0.514698546518699	0	0	55.6579935755969
56321	0.520907733404066	0	0	55.6619904965531
56322	0.523679303548600	0	0	55.6659845216408
56323	0.525189341371066	0	0	55.6699756702916
56324	0.516098835808133	0	0	55.6739639618164
56325	0.518038344440327	0	0	55.6779494154056
56326	0.520061906469209	0	0	55.6819320501302
56327	0.519871273555282	0	0	55.6859118849424
56328	0.526266874946007	0	0	55.6898889386762
56329	0.508827317537259	0	0	55.6938632300485
56330	0.509042658337980	0	0	55.6978347776595
56331	0.515993900858188	0	0	55.7018035999936
56332	0.515246493048236	0	0	55.7057697154201
56333	0.515128973045535	0	0	55.7097331421937
56334	0.512110613443299	0	0	55.7136938984557
56335	0.511615257125252	0	0	55.7176520022341
56336	0.515645822681676	0	0	55.7216074714449
56337	0.523504418679301	0	0	55.7255603238924
56338	0.521041003593779	0	0	55.7295105772698
56339	0.519559041999771	0	0	55.7334582491605
56340	0.526578856354216	0	0	55.7374033570381
56341	0.526177950857943	0	0	55.7413459182674
56342	0.519060504829321	0	0	55.7452859501052
56343	0.510464194492713	0	0	55.7492234697006
56344	0.516747117231998	0	0	55.7531584940962
56345	0.516050510730611	0	0	55.7570910402281
56346	0.520653369444217	0	0	55.7610211249272
56347	0.514940388220343	0	0	55.7649487649195
56348	0.501357210564836	0	0	55.7688739768267
56349	0.510843041316837	0	0	55.7727967771671
56350	0.510032649885147	0	0	55.7767171823562
56351	0.512611295297477	0	0	55.7806352087072
56352	0.514950689101052	0	0	55.7845508724315
56353	0.515571262281718	0	0	55.7884641896399
56354	0.517131442624196	0	0	55.7923751763426
56355	0.518506951025892	0	0	55.7962838484503
56356	0.502026368488370	0	0	55.8001902217743
56357	0.516748536172346	0	0	55.8040943120278
56358	0.511169748102074	0	0	55.8079961348259
56359	0.513164252911852	0	0	55.8118957056865
56360	0.509485990159424	0	0	55.8157930400310
56361	0.510049810483305	0	0	55.8196881531845
56362	0.513576187930189	0	0	55.8235810603769
56363	0.506632165710614	0	0	55.8274717767432
56364	0.506445916811060	0	0	55.8313603173241
56365	0.509643452162939	0	0	55.8352466970666
56366	0.508631058996880	0	0	55.8391309308248
56367	0.515894283374572	0	0	55.8430130333600
56368	0.513632794979040	0	0	55.8468930193419
56369	0.513018527455879	0	0	55.8507709033486
56370	0.514914871064222	0	0	55.8546466998677
56371	0.514373721521312	0	0	55.8585204232962
56372	0.518560541639235	0	0	55.8623920879417
56373	0.513960954467940	0	0	55.8662617080227
56374	0.504529025309745	0	0	55.8701292976692
56375	0.514787476747966	0	0	55.8739948709229
56376	0.507307333474169	0	0	55.8778584417386
56377	0.504821225224374	0	0	55.8817200239836
56378	0.509030811543657	0	0	55.8855796314394
56379	0.507911956270576	0	0	55.8894372778012
56380	0.506996623541167	0	0	55.8932929766794
56381	0.505310926165355	0	0	55.8971467415992
56382	0.509508219037481	0	0	55.9009985860020
56383	0.502466366348293	0	0	55.9048485232451
56384	0.508913395562238	0	0	55.9086965666029
56385	0.502584398973921	0	0	55.9125427292671
56386	0.502441735797063	0	0	55.9163870243472
56387	0.511243120045410	0	0	55.9202294648711
56388	0.508468784918519	0	0	55.9240700637857
56389	0.514249193320209	0	0	55.9279088339570
56390	0.504493214340110	0	0	55.9317457881711
56391	0.500086335696605	0	0	55.9355809391346
56392	0.497694566640091	0	0	55.9394142994747
56393	0.504412258839382	0	0	55.9432458817402
56394	0.502261388181467	0	0	55.9470756984016
56395	0.511741071844914	0	0	55.9509037618520
56396	0.507632242779381	0	0	55.9547300844070
56397	0.502493433608965	0	0	55.9585546783058
56398	0.501921957782770	0	0	55.9623775557114
56399	0.507320270134755	0	0	55.9661987287108
56400	0.509593837932787	0	0	55.9700182093160
56401	0.498471235744397	0	0	55.9738360094641
56402	0.506416165661675	0	0	55.9776521410181
56403	0.510647175369659	0	0	55.9814666157667
56404	0.502081662480071	0	0	55.9852794454257
56405	0.500484042840789	0	0	55.9890906416376
56406	0.500101428925958	0	0	55.9929002159726
56407	0.503851940388302	0	0	55.9967081799289
56408	0.504846405131201	0	0	56.0005145449328
56409	0.506468369118077	0	0	56.0043193223399
56410	0.500893356032548	0	0	56.0081225234349
56411	0.508289999583365	0	0	56.0119241594322
56412	0.511783055840748	0	0	56.0157242414764
56413	0.499368424399158	0	0	56.0195227806428
56414	0.510144686700101	0	0	56.0233197879378
56415	0.501179957904041	0	0	56.0271152742991
56416	0.501521005084922	0	0	56.0309092505965
56417	0.503250804414860	0	0	56.0347017276319
56418	0.507762369989494	0	0	56.0384927161402
56419	0.501897776181606	0	0	56.0422822267894
56420	0.501444233126528	0	0	56.0460702701810
56421	0.501753242868149	0	0	56.0498568568506
56422	0.503318970638493	0	0	56.0536419972682
56423	0.505198550399890	0	0	56.0574257018386
56424	0.501405852777694	0	0	56.0612079809019
56425	0.495215933057099	0	0	56.0649888447337
56426	0.500376209063806	0	0	56.0687683035458
56427	0.508625195650086	0	0	56.0725463674864
56428	0.498983391392108	0	0	56.0763230466403
56429	0.507585630079688	0	0	56.0800983510299
56430	0.504234724169490	0	0	56.0838722906150
56431	0.503161696381004	0	0	56.0876448752934
56432	0.499182828377237	0	0	56.0914161149014
56433	0.504835253356461	0	0	56.0951860192140
56434	0.495874482285302	0	0	56.0989545979453
56435	0.494150795985665	0	0	56.1027218607490
56436	0.495009421286380	0	0	56.1064878172188
56437	0.500745917845041	0	0	56.1102524768886
56438	0.497831829517300	0	0	56.1140158492329
56439	0.500139954445388	0	0	56.1177779436674
56440	0.495146994415578	0	0	56.1215387695490
56441	0.502876360564493	0	0	56.1252983361765
56442	0.510080642252168	0	0	56.1290566527909
56443	0.504977382626008	0	0	56.1328137285754
56444	0.497839785384803	0	0	56.1365695726563
56445	0.502263730026373	0	0	56.1403241941031
56446	0.498196661700717	0	0	56.1440776019287
56447	0.500865400106441	0	0	56.1478298050900
56448	0.496651290828470	0	0	56.1515808124881
56449	0.503820922461003	0	0	56.1553306329689
56450	0.498404918894436	0	0	56.1590792753230
56451	0.495777310673442	0	0	56.1628267482864
56452	0.506630697480297	0	0	56.1665730605407
56453	0.490241747152009	0	0	56.1703182207136
56454	0.494018891459029	0	0	56.1740622373790
56455	0.501412501997430	0	0	56.1778051190574
56456	0.499308669434019	0	0	56.1815468742164
56457	0.503089085829019	0	0	56.1852875112708
56458	0.496519749047358	0	0	56.1890270385831
56459	0.498015104348365	0	0	56.1927654644637
56460	0.501484123047047	0	0	56.1965027971714
56461	0.496450180713143	0	0	56.2002390449136
56462	0.504023545869069	0	0	56.2039742158464
56463	0.496737557369175	0	0	56.2077083180755
56464	0.502179446824786	0	0	56.2114413596559
56465	0.500402194199771	0	0	56.2151733485925
56466	0.500815097567855	0	0	56.2189042928405
56467	0.493673864339637	0	0	56.2226342003057
56468	0.496126716456630	0	0	56.2263630788443
56469	0.504467987658391	0	0	56.2300909362642
56470	0.498756074759024	0	0	56.2338177803241
56471	0.499964557134194	0	0	56.2375436187349
56472	0.497166288957194	0	0	56.2412684591594
56473	0.476585729229533	0	0	56.2449923092126
56474	0.509779262040303	0	0	56.2487151764621
56475	0.500221974018375	0	0	56.2524370684287
56476	0.493589556151795	0	0	56.2561579925862
56477	0.496204923312912	0	0	56.2598779563619
56478	0.495658417074281	0	0	56.2635969671368
56479	0.504175318718134	0	0	56.2673150322463
56480	0.503172328033984	0	0	56.2710321589799
56481	0.499108839510317	0	0	56.2747483545818
56482	0.502921319353308	0	0	56.2784636262511
56483	0.498676914491342	0	0	56.2821779811423
56484	0.500412162837370	0	0	56.2858914263652
56485	0.499611547640680	0	0	56.2896039689854
56486	0.498679879360655	0	0	56.2933156160246
56487	0.505108835609429	0	0	56.2970263744608
56488	0.495553775939773	0	0	56.3007362512286
56489	0.501158226356725	0	0	56.3044452532194
56490	0.498088062041180	0	0	56.3081533872818
56491	0.494453285465300	0	0	56.3118606602219
56492	0.505551607721189	0	0	56.3155670788033
56493	0.496955534155908	0	0	56.3192726497475
56494	0.498502214628899	0	0	56.3229773797343
56495	0.501221655164674	0	0	56.3266812754019
56496	0.497129207220747	0	0	56.3303843433474
56497	0.505920939231250	0	0	56.3340865901265
56498	0.493056467781926	0	0	56.3377880222544
56499	0.490446296047030	0	0	56.3414886462057
56500	0.491674928712051	0	0	56.3451884684148
56501	0.498244911538746	0	0	56.3488874952758
56502	0.490325631835662	0	0	56.3525857331435
56503	0.497607961713260	0	0	56.3562831883329
56504	0.497265478136435	0	0	56.3599798671195
56505	0.502905805060573	0	0	56.3636757757403
56506	0.493348963981272	0	0	56.3673709203931
56507	0.502690965309412	0	0	56.3710653072373
56508	0.499726395320384	0	0	56.3747589423940
56509	0.499979241556589	0	0	56.3784518319462
56510	0.498153511792150	0	0	56.3821439819391
56511	0.493077730215013	0	0	56.3858353983804
56512	0.498975470469781	0	0	56.3895260872401
56513	0.503848696581957	0	0	56.3932160544515
56514	0.500506500056295	0	0	56.3969053059107
56515	0.502819696509687	0	0	56.4005938474774
56516	0.501504925976933	0	0	56.4042816849746
56517	0.496240462812505	0	0	56.4079688241892
56518	0.499848403973712	0	0	56.4116552708722
56519	0.494682446959713	0	0	56.4153410307388
56520	0.499351391007667	0	0	56.4190261094685
56521	0.501579142919004	0	0	56.4227105127056
56522	0.495765666673746	0	0	56.4263942460595
56523	0.499755386240730	0	0	56.4300773151045
56524	0.492614799273753	0	0	56.4337597253802
56525	0.498707655795531	0	0	56.4374414823919
56526	0.492121467230875	0	0	56.4411225916106
56527	0.506896401735275	0	0	56.4448030584733
56528	0.499346336083487	0	0	56.4484828883832
56529	0.496817551286036	0	0	56.4521620867100
56530	0.500460459242867	0	0	56.4558406587899
56531	0.495604706804865	0	0	56.4595186099259
56532	0.495038586228010	0	0	56.4631959453881
56533	0.498244853698617	0	0	56.4668726704138
56534	0.503493147699172	0	0	56.4705487902079
56535	0.498439998179001	0	0	56.4742243099428
56536	0.500147365472444	0	0	56.4778992347586
56537	0.500331547147759	0	0	56.4815735697637
56538	0.506855496879074	0	0	56.4852473200348
56539	0.493374180320096	0	0	56.4889204906167
56540	0.499271313704528	0	0	56.4925930865232
56541	0.509750826727588	0	0	56.4962651127367
56542	0.501077955009229	0	0	56.4999365742087
56543	0.501334967364045	0	0	56.5036074758600
56544	0.499735124730074	0	0	56.5072778225807
56545	0.512115616365294	0	0	56.5109476192307
56546	0.497467860559812	0	0	56.5146168706393
56547	0.495766631757335	0	0	56.5182855816063
56548	0.498612289335014	0	0	56.5219537569013
56549	0.490502926622533	0	0	56.5256214012644
56550	0.495243670466912	0	0	56.5292885194062
56551	0.498940286762246	0	0	56.5329551160080
56552	0.494779804756671	0	0	56.5366211957221
56553	0.498207790877897	0	0	56.5402867631719
56554	0.505227096768781	0	0	56.5439518229519
56555	0.497038965066846	0	0	56.5476163796282
56556	0.501273936778294	0	0	56.5512804377385
56557	0.495118530696669	0	0	56.5549440017922
56558	0.501042778489164	0	0	56.5586070762710
56559	0.498865627064437	0	0	56.5622696656282
56560	0.502009549139602	0	0	56.5659317742900
56561	0.497905636555543	0	0	56.5695934066548
56562	0.507035971217531	0	0	56.5732545670937
56563	0.511564042517578	0	0	56.5769152599506
56564	0.498592018096283	0	0	56.5805754895426
56565	0.499486690113303	0	0	56.5842352601597
56566	0.508656904714274	0	0	56.5878945760656
56567	0.497145869647033	0	0	56.5915534414972
56568	0.496064478528433	0	0	56.5952118606652
56569	0.504220077318107	0	0	56.5988698377541
56570	0.507293900745630	0	0	56.6025273769225
56571	0.508395178321170	0	0	56.6061844823032
56572	0.502274935378255	0	0	56.6098411580030
56573	0.506952189111397	0	0	56.6134974081036
56574	0.500043730695252	0	0	56.6171532366612
56575	0.503975998734384	0	0	56.6208086477067
56576	0.498375826557368	0	0	56.6244636452460
56577	0.499997345399909	0	0	56.6281182332602
56578	0.506243852955798	0	0	56.6317724157057
56579	0.499773175698050	0	0	56.6354261965142
56580	0.503240926723243	0	0	56.6390795795930
56581	0.513953565427431	0	0	56.6427325688253
56582	0.503441604154006	0	0	56.6463851680699
56583	0.495406429553736	0	0	56.6500373811619
56584	0.502898021970567	0	0	56.6536892119125
56585	0.492768782318919	0	0	56.6573406641091
56586	0.491863846554524	0	0	56.6609917415158
56587	0.493680884128769	0	0	56.6646424478731
56588	0.502203512806907	0	0	56.6682927868985
56589	0.508690115276333	0	0	56.6719427622863
56590	0.497583688940493	0	0	56.6755923777077
56591	0.499394203040098	0	0	56.6792416368115
56592	0.500095319993654	0	0	56.6828905432235
56593	0.501375801926021	0	0	56.6865391005471
56594	0.495363157170165	0	0	56.6901873123634
56595	0.503587137486929	0	0	56.6938351822311
56596	0.497210064577689	0	0	56.6974827136870
56597	0.508153478342905	0	0	56.7011299102458
56598	0.500187425250085	0	0	56.7047767754004
56599	0.503594241280491	0	0	56.7084233126220
56600	0.505581832275206	0	0	56.7120695253605
56601	0.510120048724234	0	0	56.7157154170440
56602	0.495664854693414	0	0	56.7193609910796
56603	0.507847176045240	0	0	56.7230062508530
56604	0.499891021376424	0	0	56.7266511997292
56605	0.504347822874242	0	0	56.7302958410521
56606	0.504740015733140	0	0	56.7339401781449
56607	0.497889769525994	0	0	56.7375842143101
56608	0.504973503989061	0	0	56.7412279528299
56609	0.504145215115473	0	0	56.7448713969659
56610	0.501593041335537	0	0	56.7485145499596
56611	0.495945226751735	0	0	56.7521574150324
56612	0.510028627511496	0	0	56.7557999953855
56613	0.502368100257086	0	0	56.7594422942005
56614	0.499839658359769	0	0	56.7630843146392
56615	0.498353347921754	0	0	56.7667260598436
56616	0.507746148120215	0	0	56.7703675329364
56617	0.494822684857328	0	0	56.7740087370208
56618	0.495167685126586	0	0	56.7776496751809
56619	0.501122123883738	0	0	56.7812903504814
56620	0.506499806569725	0	0	56.7849307659683
56621	0.499349710112065	0	0	56.7885709246685
56622	0.505220313746495	0	0	56.7922108295902
56623	0.505949137449093	0	0	56.7958504837229
56624	0.512709602162761	0	0	56.7994898900375
56625	0.499786916869176	0	0	56.8031290514866
56626	0.502995487824244	0	0	56.8067679710043
56627	0.497917390165305	0	0	56.8104066515068
56628	0.500007209094018	0	0	56.8140450958920
56629	0.505889580865065	0	0	56.8176833070398
56630	0.505844468283484	0	0	56.8213212878122
56631	0.507665933573414	0	0	56.8249590410537
56632	0.510765840327953	0	0	56.8285965695910
56633	0.498693080088752	0	0	56.8322338762331
56634	0.489024755483154	0	0	56.8358709637719
56635	0.499043198340887	0	0	56.8395078349818
56636	0.495351677991251	0	0	56.8431444926201
56637	0.500947945907261	0	0	56.8467809394268
56638	0.503489824234644	0	0	56.8504171781250
56639	0.512676578188421	0	0	56.8540532114212
56640	0.496403054440261	0	0	56.8576890420046
56641	0.510247471236843	0	0	56.8613246725482
56642	0.504238508859625	0	0	56.8649601057081
56643	0.512384048338409	0	0	56.8685953441242
56644	0.504854222512660	0	0	56.8722303904198
56645	0.512026470440418	0	0	56.8758652472020
56646	0.501618033959083	0	0	56.8794999170618
56647	0.506854786295214	0	0	56.8831344025742
56648	0.501794225918842	0	0	56.8867687062980
56649	0.509669767074216	0	0	56.8904028307763
56650	0.505474066134549	0	0	56.8940367785366
56651	0.505246641578157	0	0	56.8976705520903
56652	0.503125885380133	0	0	56.9013041539337
56653	0.509152441267503	0	0	56.9049375865473
56654	0.504464835797551	0	0	56.9085708523964
56655	0.501187342548353	0	0	56.9122039539310
56656	0.507298948671886	0	0	56.9158368935858
56657	0.500861672748193	0	0	56.9194696737805
56658	0.503827359405873	0	0	56.9231022969199
56659	0.508375468899178	0	0	56.9267347653937
56660	0.502430953224640	0	0	56.9303670815770
56661	0.502828313980542	0	0	56.9339992478299
56662	0.503406136345616	0	0	56.9376312664983
56663	0.505691683369959	0	0	56.9412631399131
56664	0.508532791648325	0	0	56.9448948703912
56665	0.505801441327491	0	0	56.9485264602348
56666	0.509531639968405	0	0	56.9521579117319
56667	0.508434176070434	0	0	56.9557892271566
56668	0.498614405077423	0	0	56.9594204087685
56669	0.507986064140585	0	0	56.9630514588136
56670	0.497291181264149	0	0	56.9666823795237
56671	0.500109589868294	0	0	56.9703131731169
56672	0.512989534792751	0	0	56.9739438417975
56673	0.500610138861269	0	0	56.9775743877562
56674	0.506348506192433	0	0	56.9812048131703
56675	0.503741036870666	0	0	56.9848351202032
56676	0.511555464918424	0	0	56.9884653110053
56677	0.501768228433089	0	0	56.9920953877135
56678	0.498957479407119	0	0	56.9957253524514
56679	0.505772992611007	0	0	56.9993552073297
56680	0.508931499918636	0	0	57.0029849544459
56681	0.506180512565125	0	0	57.0066145958843
56682	0.506202152185728	0	0	57.0102441337167
56683	0.502212490188956	0	0	57.0138735700018
56684	0.508234263233098	0	0	57.0175029067856
56685	0.501858020252346	0	0	57.0211321461016
56686	0.498479799362203	0	0	57.0247612899703
56687	0.510816389487924	0	0	57.0283903404003
56688	0.503737647982608	0	0	57.0320192993872
56689	0.516517202022180	0	0	57.0356481689145
56690	0.510686845756796	0	0	57.0392769509536
56691	0.504443471616810	0	0	57.0429056474634
56692	0.509125893419474	0	0	57.0465342603908
56693	0.507094465548504	0	0	57.0501627916706
56694	0.516628535343821	0	0	57.0537912432258
56695	0.505031068050603	0	0	57.0574196169673
56696	0.509407555946608	0	0	57.0610479147942
56697	0.499065082765910	0	0	57.0646761385940
56698	0.507319178618172	0	0	57.0683042902425
56699	0.517599334496026	0	0	57.0719323716036
56700	0.515634875446865	0	0	57.0755603845302
56701	0.511995759156940	0	0	57.0791883308632
56702	0.509825261695595	0	0	57.0828162124324
56703	0.509172930502591	0	0	57.0864440310563
56704	0.510603917059312	0	0	57.0900717885421
56705	0.509917865527545	0	0	57.0936994866857
56706	0.512217800059277	0	0	57.0973271272721
56707	0.504927332056314	0	0	57.1009547120752
56708	0.513078669092340	0	0	57.1045822428579
56709	0.510905769855315	0	0	57.1082097213721
56710	0.510466538847556	0	0	57.1118371493591
56711	0.508801717284261	0	0	57.1154645285492
56712	0.509741145326882	0	0	57.1190918606622
56713	0.507344473910902	0	0	57.1227191474071
56714	0.508701506960689	0	0	57.1263463904826
56715	0.507504271266428	0	0	57.1299735915764
56716	0.504862716485447	0	0	57.1336007523664
56717	0.504983157769028	0	0	57.1372278745196
56718	0.509986650534395	0	0	57.1408549596931
56719	0.500789630937045	0	0	57.1444820095334
56720	0.503733500870981	0	0	57.1481090256771
56721	0.507515820050441	0	0	57.1517360097506
56722	0.499535083471171	0	0	57.1553629633701
56723	0.502502794833204	0	0	57.1589898881422
56724	0.504576003594031	0	0	57.1626167856631
56725	0.509085309346866	0	0	57.1662436575195
56726	0.510369876115758	0	0	57.1698705052882
56727	0.505530507316097	0	0	57.1734973305361
56728	0.506580487511887	0	0	57.1771241348206
56729	0.508523442262158	0	0	57.1807509196895
56730	0.498920600881880	0	0	57.1843776866809
56731	0.502227123012788	0	0	57.1880044373235
56732	0.498240471870587	0	0	57.1916311731365
56733	0.508928745812346	0	0	57.1952578956299
56734	0.494729323987837	0	0	57.1988846063040
56735	0.507631891108617	0	0	57.2025113066502
56736	0.508019628939458	0	0	57.2061379981506
56737	0.503328324692119	0	0	57.2097646822781
56738	0.506755923039019	0	0	57.2133913604964
56739	0.500855423714084	0	0	57.2170180342605
56740	0.519046047573412	0	0	57.2206447050160
56741	0.515342516162669	0	0	57.2242713741998
56742	0.508957637307473	0	0	57.2278980432401
56743	0.508167841411094	0	0	57.2315247135559
56744	0.510062526298492	0	0	57.2351513865578
56745	0.497421598327581	0	0	57.2387780636475
56746	0.507557332129824	0	0	57.2424047462180
56747	0.505188523621803	0	0	57.2460314356540
56748	0.504194692772957	0	0	57.2496581333312
56749	0.515153942781849	0	0	57.2532848406173
56750	0.502008723689951	0	0	57.2569115588713
56751	0.505354026028764	0	0	57.2605382894438
56752	0.508971687827959	0	0	57.2641650336771
56753	0.510690266299652	0	0	57.2677917929053
56754	0.500433391732124	0	0	57.2714185684542
56755	0.514246895208136	0	0	57.2750453616415
56756	0.516895963901228	0	0	57.2786721737768
56757	0.501390953195828	0	0	57.2822990061613
56758	0.505718412704710	0	0	57.2859258600886
56759	0.506439698700375	0	0	57.2895527368442
56760	0.498947454584460	0	0	57.2931796377055
56761	0.512984697634649	0	0	57.2968065639422
56762	0.503721634467324	0	0	57.3004335168162
56763	0.510969238004711	0	0	57.3040604975814
56764	0.513259066909704	0	0	57.3076875074844
56765	0.509392148574405	0	0	57.3113145477636
56766	0.512564723697547	0	0	57.3149416196501
56767	0.515042692142466	0	0	57.3185687243673
56768	0.511235820547009	0	0	57.3221958631312
56769	0.508620145285509	0	0	57.3258230371501
56770	0.506778082862587	0	0	57.3294502476251
56771	0.509181800458310	0	0	57.3330774957496
56772	0.505305284662386	0	0	57.3367047827099
56773	0.503779527808739	0	0	57.3403321096849
56774	0.509373816090775	0	0	57.3439594778463
56775	0.510578322367434	0	0	57.3475868883585
56776	0.509202283084159	0	0	57.3512143423788
56777	0.505279010162967	0	0	57.3548418410572
56778	0.502287436596089	0	0	57.3584693855370
56779	0.505344006252004	0	0	57.3620969769541
56780	0.503182586857525	0	0	57.3657246164375
56781	0.515179390361353	0	0	57.3693523051094
56782	0.506699232048723	0	0	57.3729800440849
56783	0.504933668875004	0	0	57.3766078344724
56784	0.508368421352868	0	0	57.3802356773733
56785	0.510855228150429	0	0	57.3838635738825
56786	0.509295499572486	0	0	57.3874915250878
56787	0.508149691357009	0	0	57.3911195320706
56788	0.509738123320991	0	0	57.3947475959055
56789	0.505466725048321	0	0	57.3983757176606
56790	0.503727201318801	0	0	57.4020038983973
56791	0.512190264772629	0	0	57.4056321391707
56792	0.505527005661884	0	0	57.4092604410291
56793	0.511969167945533	0	0	57.4128888050146
56794	0.510554353453815	0	0	57.4165172321628
56795	0.514266294063725	0	0	57.4201457235029
56796	0.517551299152533	0	0	57.4237742800578
56797	0.519552660125084	0	0	57.4274029028442
56798	0.514052387011903	0	0	57.4310315928724
56799	0.511281998959507	0	0	57.4346603511467
56800	0.514556215950361	0	0	57.4382891786650
56801	0.519529948935916	0	0	57.4419180764192
56802	0.516044780645871	0	0	57.4455470453951
56803	0.508751509047696	0	0	57.4491760865724
56804	0.514149701499693	0	0	57.4528052009248
56805	0.508195146410750	0	0	57.4564343894200
56806	0.501915363783838	0	0	57.4600636530198
56807	0.509609273624209	0	0	57.4636929926802
56808	0.512753680628391	0	0	57.4673224093511
56809	0.503451722973288	0	0	57.4709519039766
56810	0.514235921440903	0	0	57.4745814774952
56811	0.509054491018474	0	0	57.4782111308396
56812	0.509403544602288	0	0	57.4818408649365
56813	0.512995060716459	0	0	57.4854706807072
56814	0.515663910842026	0	0	57.4891005790672
56815	0.503856074372665	0	0	57.4927305609266
56816	0.519979825736355	0	0	57.4963606271896
56817	0.510350907879250	0	0	57.4999907787550
56818	0.512315808693695	0	0	57.5036210165163
56819	0.510897429676046	0	0	57.5072513413611
56820	0.509770083945471	0	0	57.5108817541718
56821	0.510989327191366	0	0	57.5145122558255
56822	0.513393875326239	0	0	57.5181428471937
56823	0.512441355142792	0	0	57.5217735291426
56824	0.507204802377831	0	0	57.5254043025332
56825	0.507373197925336	0	0	57.5290351682211
56826	0.508645957985429	0	0	57.5326661270568
56827	0.510296218595422	0	0	57.5362971798854
56828	0.516413931402362	0	0	57.5399283275470
56829	0.506872699209598	0	0	57.5435595708765
56830	0.510315330778103	0	0	57.5471909107035
56831	0.514527663932660	0	0	57.5508223478529
56832	0.516063502929709	0	0	57.5544538831441
56833	0.502938061420090	0	0	57.5580855173919
56834	0.503609975667400	0	0	57.5617172514058
56835	0.516021118522589	0	0	57.5653490859905
56836	0.507627189923407	0	0	57.5689810219458
56837	0.506011499508551	0	0	57.5726130600664
56838	0.505023815304814	0	0	57.5762452011424
56839	0.514473298209050	0	0	57.5798774459589
56840	0.507521911790643	0	0	57.5835097952963
56841	0.508223846577825	0	0	57.5871422499300
56842	0.510894178495855	0	0	57.5907748106310
56843	0.516996697333385	0	0	57.5944074781653
56844	0.522402126514853	0	0	57.5980402532944
56845	0.513991046976474	0	0	57.6016731367750
56846	0.512624913450657	0	0	57.6053061293592
56847	0.506713282156765	0	0	57.6089392317946
56848	0.504621687672851	0	0	57.6125724448241
56849	0.501333795389957	0	0	57.6162057691862
56850	0.515844890572562	0	0	57.6198392056148
56851	0.513833250104473	0	0	57.6234727548393
56852	0.513867168721916	0	0	57.6271064175847
56853	0.523047202561804	0	0	57.6307401945715
56854	0.510658048568326	0	0	57.6343740865158
56855	0.507869895383593	0	0	57.6380080941295
56856	0.519260310754357	0	0	57.6416422181199
56857	0.510578607649471	0	0	57.6452764591901
56858	0.507837401031018	0	0	57.6489108180390
56859	0.518435077644227	0	0	57.6525452953610
56860	0.515842579126522	0	0	57.6561798918466
56861	0.513027420567555	0	0	57.6598146081816
56862	0.512281974585113	0	0	57.6634494450482
56863	0.515335035151711	0	0	57.6670844031239
56864	0.518723846670883	0	0	57.6707194830825
56865	0.505816680776522	0	0	57.6743546855933
56866	0.514427977708196	0	0	57.6779900113219
56867	0.506746233312222	0	0	57.6816254609295
56868	0.507753899899464	0	0	57.6852610350735
56869	0.518230467108992	0	0	57.6888967344072
56870	0.510968511134395	0	0	57.6925325595799
56871	0.523113935027983	0	0	57.6961685112371
56872	0.513734087162364	0	0	57.6998045900200
56873	0.519805174761943	0	0	57.7034407965663
56874	0.518804074972537	0	0	57.7070771315097
56875	0.514412409282465	0	0	57.7107135954799
56876	0.509597991971464	0	0	57.7143501891028
56877	0.513055382065890	0	0	57.7179869130006
56878	0.510934319606758	0	0	57.7216237677916
56879	0.512389555439887	0	0	57.7252607540905
56880	0.506808280910254	0	0	57.7288978725081
56881	0.511814801117274	0	0	57.7325351236515
56882	0.511635372323235	0	0	57.7361725081241
56883	0.513664612848971	0	0	57.7398100265257
56884	0.518114437750685	0	0	57.7434476794525
56885	0.520451376552781	0	0	57.7470854674968
56886	0.509186312358695	0	0	57.7507233912477
56887	0.514484705187976	0	0	57.7543614512903
56888	0.518126549430641	0	0	57.7579996482065
56889	0.514092792955649	0	0	57.7616379825744
56890	0.512521293091062	0	0	57.7652764549688
56891	0.523830421540885	0	0	57.7689150659608
56892	0.512560694847442	0	0	57.7725538161182
56893	0.517764929323997	0	0	57.7761927060052
56894	0.512054526438477	0	0	57.7798317361828
56895	0.519204985494433	0	0	57.7834709072083
56896	0.520229698976092	0	0	57.7871102196359
56897	0.513436637555634	0	0	57.7907496740162
56898	0.520084754820833	0	0	57.7943892708965
56899	0.522532681101122	0	0	57.7980290108210
56900	0.507397187135851	0	0	57.8016688943304
56901	0.517502228461816	0	0	57.8053089219620
56902	0.520183921233617	0	0	57.8089490942502
56903	0.514662954100937	0	0	57.8125894117258
56904	0.517601406715122	0	0	57.8162298749166
56905	0.521821060515315	0	0	57.8198704843472
56906	0.513916060485132	0	0	57.8235112405388
56907	0.514058768962861	0	0	57.8271521440097
56908	0.516635029749096	0	0	57.8307931952750
56909	0.512546589670060	0	0	57.8344343948465
56910	0.513078691452652	0	0	57.8380757432331
56911	0.514201523346191	0	0	57.8417172409406
56912	0.516223432431059	0	0	57.8453588884716
56913	0.517055869670989	0	0	57.8490006863259
56914	0.519754977236648	0	0	57.8526426349999
56915	0.506491568821694	0	0	57.8562847349874
56916	0.512579077858552	0	0	57.8599269867789
56917	0.511018030128844	0	0	57.8635693908621
56918	0.518127321805857	0	0	57.8672119477218
56919	0.508545321879678	0	0	57.8708546578397
56920	0.511898604850657	0	0	57.8744975216947
56921	0.516594145075703	0	0	57.8781405397628
56922	0.516950998669176	0	0	57.8817837125170
56923	0.518097162059936	0	0	57.8854270404275
56924	0.510659118490406	0	0	57.8890705239619
56925	0.520960732797253	0	0	57.8927141635846
56926	0.514671401258736	0	0	57.8963579597574
56927	0.521096838364425	0	0	57.9000019129394
56928	0.516942518500443	0	0	57.9036460235866
56929	0.517456116140004	0	0	57.9072902921526
56930	0.511808145599927	0	0	57.9109347190881
56931	0.530899431535613	0	0	57.9145793048411
56932	0.515450082553405	0	0	57.9182240498568
56933	0.521113034089885	0	0	57.9218689545779
56934	0.522316619205296	0	0	57.9255140194443
56935	0.510722297287860	0	0	57.9291592448934
56936	0.518866118847880	0	0	57.9328046313597
56937	0.522947657599457	0	0	57.9364501792753
56938	0.509681746365630	0	0	57.9400958890697
56939	0.517899726013673	0	0	57.9437417611696
56940	0.517539260861943	0	0	57.9473877959994
56941	0.512686008312808	0	0	57.9510339939808
56942	0.507907047859699	0	0	57.9546803555329
56943	0.515802989814348	0	0	57.9583268810724
56944	0.517021791246365	0	0	57.9619735710135
56945	0.509254611774599	0	0	57.9656204257678
56946	0.510998315751926	0	0	57.9692674457446
56947	0.516982143943429	0	0	57.9729146313504
56948	0.513719553628643	0	0	57.9765619829897
56949	0.512037610002762	0	0	57.9802095010642
56950	0.510992246111882	0	0	57.9838571859735
56951	0.516075861442573	0	0	57.9875050381144
56952	0.512098616285616	0	0	57.9911530578818
56953	0.521375059249542	0	0	57.9948012456678
56954	0.523823462810671	0	0	57.9984496018624
56955	0.518472641474760	0	0	58.0020981268532
56956	0.516398597840174	0	0	58.0057468210254
56957	0.520404385646340	0	0	58.0093956847620
56958	0.513855867356849	0	0	58.0130447184436
56959	0.513712756922588	0	0	58.0166939224487
56960	0.517338795127490	0	0	58.0203432971532
56961	0.506322388110824	0	0	58.0239928429311
56962	0.520756807923789	0	0	58.0276425601540
56963	0.517565652754564	0	0	58.0312924491912
56964	0.516671679148085	0	0	58.0349425104099
56965	0.517546465822033	0	0	58.0385927441751
56966	0.524263894521324	0	0	58.0422431508495
56967	0.510924017526632	0	0	58.0458937307939
56968	0.518038137353222	0	0	58.0495444843666
56969	0.518286226981961	0	0	58.0531954119239
56970	0.520242186894171	0	0	58.0568465138201
56971	0.517338876684744	0	0	58.0604977904071
56972	0.514338242635973	0	0	58.0641492420350
56973	0.519144673599781	0	0	58.0678008690517
56974	0.517186340427584	0	0	58.0714526718029
56975	0.523343686555242	0	0	58.0751046506323
56976	0.518103692988531	0	0	58.0787568058816
56977	0.525952956897259	0	0	58.0824091378905
56978	0.517578220402730	0	0	58.0860616469966
56979	0.518980491039617	0	0	58.0897143335354
56980	0.509052984653100	0	0	58.0933671978406
56981	0.520365345951650	0	0	58.0970202402437
56982	0.522545086401803	0	0	58.1006734610744
56983	0.514293449066254	0	0	58.1043268606604
56984	0.519455981109364	0	0	58.1079804393273
56985	0.529871546153789	0	0	58.1116341973990
56986	0.517109033956925	0	0	58.1152881351972
56987	0.514531153902454	0	0	58.1189422530419
56988	0.507962861243870	0	0	58.1225965512511
56989	0.524074275353070	0	0	58.1262510301410
56990	0.504943203543996	0	0	58.1299056900258
56991	0.523704777175758	0	0	58.1335605312179
56992	0.521856801041053	0	0	58.1372155540278
56993	0.522456809160136	0	0	58.1408707587642
56994	0.523357983769472	0	0	58.1445261457340
56995	0.511479341069426	0	0	58.1481817152421
56996	0.513049750943870	0	0	58.1518374675918
56997	0.512472967650086	0	0	58.1554934030845
56998	0.517340727809733	0	0	58.1591495220198
56999	0.516816283091990	0	0	58.1628058246956
57000	0.507125458697591	0	0	58.1664623114079
57001	0.522468790460768	0	0	58.1701189824512
57002	0.517845383164915	0	0	58.1737758381179
57003	0.521969259201552	0	0	58.1774328786989
57004	0.515919526992068	0	0	58.1810901044834
57005	0.520508635643162	0	0	58.1847475157587
57006	0.525523381167181	0	0	58.1884051128107
57007	0.519251610664719	0	0	58.1920628959232
57008	0.516808372339633	0	0	58.1957208653787
57009	0.515810166389116	0	0	58.1993790214578
57010	0.516143040460697	0	0	58.2030373644396
57011	0.520252334411763	0	0	58.2066958946014
57012	0.517913813706887	0	0	58.2103546122189
57013	0.514975686839218	0	0	58.2140135175662
57014	0.516071281860293	0	0	58.2176726109159
57015	0.525760047732186	0	0	58.2213318925388
57016	0.525751246839693	0	0	58.2249913627042
57017	0.513819660684220	0	0	58.2286510216798
57018	0.517970852449660	0	0	58.2323108697316
57019	0.521327027218288	0	0	58.2359709071243
57020	0.520110401413599	0	0	58.2396311341207
57021	0.521794283285602	0	0	58.2432915509825
57022	0.511765366846676	0	0	58.2469521579693
57023	0.526771307981516	0	0	58.2506129553397
57024	0.515772731793438	0	0	58.2542739433505
57025	0.516509574225909	0	0	58.2579351222569
57026	0.524135523540938	0	0	58.2615964923129
57027	0.520921493341887	0	0	58.2652580537708
57028	0.523276934860038	0	0	58.2689198068814
57029	0.527084895055674	0	0	58.2725817518941
57030	0.515736496123519	0	0	58.2762438890569
57031	0.513551325407310	0	0	58.2799062186163
57032	0.522168824375801	0	0	58.2835687408172
57033	0.521385138770468	0	0	58.2872314559033
57034	0.518512476647275	0	0	58.2908943641166
57035	0.520129067205332	0	0	58.2945574656980
57036	0.515106794012293	0	0	58.2982207608868