92487	0.409292597641680	0	0	46.0427247200246
92488	0.397821593540464	0	0	46.1066663161547
92489	0.401823661114253	0	0	46.1702403017674
92490	0.397921513314964	0	0	46.2334489628410
92491	0.409897922208033	0	0	46.2962945711540
92492	0.408593827215296	0	0	46.3587793843739
92493	0.406854581520145	0	0	46.4209056461442
92494	0.404336776415605	0	0	46.4826755861719
92495	0.408866496487510	0	0	46.5440914203142
92496	0.414073490242977	0	0	46.6051553506639
92497	0.402535362091070	0	0	46.6658695656357
92498	0.413408543812307	0	0	46.7262362400506
92499	0.405495062985219	0	0	46.7862575352205
92500	0.399357476507197	0	0	46.8459355990322
92501	0.401382085944775	0	0	46.9052725660307
92502	0.406140458245771	0	0	46.9642705575021
92503	0.410303901986441	0	0	47.0229316815561
92504	0.413840659325253	0	0	47.0812580332074
92505	0.412690437715148	0	0	47.1392516944576
92506	0.409208476679496	0	0	47.1969147343757
92507	0.415305625519311	0	0	47.2542492091785
92508	0.412799727405946	0	0	47.3112571623106
92509	0.403898282955361	0	0	47.3679406245234
92510	0.410520873319453	0	0	47.4243016139541
92511	0.417492221074929	0	0	47.4803421362044
92512	0.415059521784316	0	0	47.5360641844176
92513	0.404014703801295	0	0	47.5914697393569
92514	0.411172699290497	0	0	47.6465607694815
92515	0.403391359226893	0	0	47.7013392310236
92516	0.412173035629011	0	0	47.7558070680640
92517	0.407792842299051	0	0	47.8099662126078
92518	0.410535312287457	0	0	47.8638185846591
92519	0.425122456814268	0	0	47.9173660922960
92520	0.410732703503363	0	0	47.9706106317444
92521	0.416196023033292	0	0	48.0235540874515
92522	0.415224833803395	0	0	48.0761983321593
92523	0.415688968234752	0	0	48.1285452269772
92524	0.415099642726224	0	0	48.1805966214539
92525	0.414838210642933	0	0	48.2323543536497
92526	0.415473200611705	0	0	48.2838202502078
92527	0.416302716081202	0	0	48.3349961264248
92528	0.405799317895196	0	0	48.3858837863217
92529	0.413550175090160	0	0	48.4364850227136
92530	0.411837503212247	0	0	48.4868016172795
92531	0.416949243213697	0	0	48.5368353406313
92532	0.415179281459995	0	0	48.5865879523826
92533	0.408321956052141	0	0	48.6360612012171
92534	0.419066104882128	0	0	48.6852568249567
92535	0.419410467284156	0	0	48.7341765506283
92536	0.413847420072360	0	0	48.7828220945316
92537	0.413248340056909	0	0	48.8311951623052
92538	0.407992828817079	0	0	48.8792974489931
92539	0.417208130124983	0	0	48.9271306391105
92540	0.424828839763835	0	0	48.9746964067090
92541	0.408761321901955	0	0	49.0219964154420
92542	0.420219565079051	0	0	49.0690323186287
92543	0.412791411364049	0	0	49.1158057593189
92544	0.419549306024374	0	0	49.1623183703563
92545	0.419989334391038	0	0	49.2085717744423
92546	0.419215211179191	0	0	49.2545675841987
92547	0.419216757564472	0	0	49.3003074022304
92548	0.430224335987110	0	0	49.3457928211877
92549	0.416016800959232	0	0	49.3910254238281
92550	0.423562659644528	0	0	49.4360067830776
92551	0.420136029992464	0	0	49.4807384620921
92552	0.427382358919028	0	0	49.5252220143178
92553	0.430032907414678	0	0	49.5694589835514
92554	0.431383367720995	0	0	49.6134509040006
92555	0.414782093860460	0	0	49.6571993003430
92556	0.427952472875199	0	0	49.7007056877859
92557	0.427682409900438	0	0	49.7439715721245
92558	0.426696541658322	0	0	49.7869984498009
92559	0.412293091747260	0	0	49.8297878079620
92560	0.427162465777176	0	0	49.8723411245171
92561	0.415294137227374	0	0	49.9146598681955
92562	0.415093001556388	0	0	49.9567454986036
92563	0.421284917398774	0	0	49.9985994662810
92564	0.423973233350102	0	0	50.0402232127576
92565	0.423928964183178	0	0	50.0816181706090
92566	0.427110921324709	0	0	50.1227857635124
92567	0.424798935898892	0	0	50.1637274063017
92568	0.425933347404283	0	0	50.2044445050225
92569	0.433337213426546	0	0	50.2449384569870
92570	0.420130256883336	0	0	50.2852106508275
92571	0.427224848242918	0	0	50.3252624665511
92572	0.432075652385453	0	0	50.3650952755929
92573	0.415528053231668	0	0	50.4047104408691
92574	0.438422651932008	0	0	50.4441093168304
92575	0.428734712378168	0	0	50.4832932495140
92576	0.426940859985121	0	0	50.5222635765966
92577	0.425174725309583	0	0	50.5610216274453
92578	0.431826016672362	0	0	50.5995687231704
92579	0.429434631392095	0	0	50.6379061766756
92580	0.422932066138427	0	0	50.6760352927098
92581	0.428732373921358	0	0	50.7139573679173
92582	0.423890049776040	0	0	50.7516736908884
92583	0.421317655347941	0	0	50.7891855422091
92584	0.422195935281714	0	0	50.8264941945111
92585	0.419637299785632	0	0	50.8636009125212
92586	0.428783406306393	0	0	50.9005069531104
92587	0.432001245023946	0	0	50.9372135653424
92588	0.428746580418185	0	0	50.9737219905224
92589	0.431590898696937	0	0	51.0100334622455
92590	0.435587262091341	0	0	51.0461492064439
92591	0.436677802110002	0	0	51.0820704414351
92592	0.428337585917721	0	0	51.1177983779692
92593	0.437295304157076	0	0	51.1533342192753
92594	0.432391473494101	0	0	51.1886791611091
92595	0.431896066048374	0	0	51.2238343917986
92596	0.424729989010818	0	0	51.2588010922904
92597	0.429134556162763	0	0	51.2935804361960
92598	0.433947429869594	0	0	51.3281735898366
92599	0.432428361799686	0	0	51.3625817122892
92600	0.426899939111260	0	0	51.3968059554309
92601	0.430072935796110	0	0	51.4308474639840
92602	0.426453091894587	0	0	51.4647073755605
92603	0.426606453732903	0	0	51.4983868207060
92604	0.427544515317597	0	0	51.5318869229436
92605	0.433114576170193	0	0	51.5652087988180
92606	0.427214207406227	0	0	51.5983535579382
92607	0.433740877120173	0	0	51.6313223030209
92608	0.426924686972742	0	0	51.6641161299335
92609	0.434282228033575	0	0	51.6967361277362
92610	0.429879079186964	0	0	51.7291833787246
92611	0.428475772327629	0	0	51.7614589584718
92612	0.430327867875377	0	0	51.7935639358697
92613	0.431829476930069	0	0	51.8254993731710
92614	0.423579004709390	0	0	51.8572663260302
92615	0.431151718124406	0	0	51.8888658435446
92616	0.436217726181322	0	0	51.9202989682950
92617	0.426448947527590	0	0	51.9515667363865
92618	0.432383731602377	0	0	51.9826701774881
92619	0.431736478702044	0	0	52.0136103148733
92620	0.431170461137985	0	0	52.0443881654595
92621	0.432377484576919	0	0	52.0750047398474
92622	0.426872320125433	0	0	52.1054610423606
92623	0.431493866820640	0	0	52.1357580710843
92624	0.433917998010814	0	0	52.1658968179040
92625	0.433667936335876	0	0	52.1958782685443
92626	0.433939228549293	0	0	52.2257034026071
92627	0.421984107429862	0	0	52.2553731936092
92628	0.430972048181516	0	0	52.2848886090207
92629	0.429082630924329	0	0	52.3142506103023
92630	0.431310336413294	0	0	52.3434601529426
92631	0.428271020888832	0	0	52.3725181864950
92632	0.436865496113439	0	0	52.4014256546152
92633	0.443139381577190	0	0	52.4301834950970
92634	0.433819279962186	0	0	52.4587926399096
92635	0.424957804745575	0	0	52.4872540152328
92636	0.440178006325066	0	0	52.5155685414939
92637	0.439622641477907	0	0	52.5437371334028
92638	0.427418924540582	0	0	52.5717606999879
92639	0.431658989164643	0	0	52.5996401446309
92640	0.436593742865116	0	0	52.6273763651027
92641	0.433321716798186	0	0	52.6549702535972
92642	0.442318636030589	0	0	52.6824226967669
92643	0.439586561158121	0	0	52.7097345757566
92644	0.431073544749486	0	0	52.7369067662383
92645	0.433041422039198	0	0	52.7639401384444
92646	0.431585099861289	0	0	52.7908355572022
92647	0.435591205022544	0	0	52.8175938819672
92648	0.437616908728310	0	0	52.8442159668562
92649	0.446509379554743	0	0	52.8707026606809
92650	0.437331345220982	0	0	52.8970548069806
92651	0.438271555343245	0	0	52.9232732440551
92652	0.439740046241194	0	0	52.9493588049971
92653	0.439009764121461	0	0	52.9753123177246
92654	0.447759629726245	0	0	53.0011346050131
92655	0.438455943916615	0	0	53.0268264845275
92656	0.446141022885340	0	0	53.0523887688537
92657	0.435481145803719	0	0	53.0778222655305
92658	0.433574794464977	0	0	53.1031277770806
92659	0.431630184560788	0	0	53.1283061010420
92660	0.448394175568434	0	0	53.1533580299987
92661	0.437766997917212	0	0	53.1782843516118
92662	0.436791230889123	0	0	53.2030858486499
92663	0.440555804750876	0	0	53.2277632990194
92664	0.436598918274601	0	0	53.2523174757949
92665	0.439746121666484	0	0	53.2767491472492
92666	0.436972787342008	0	0	53.3010590768827
92667	0.439610155676576	0	0	53.3252480234538
92668	0.437785285295061	0	0	53.3493167410078
92669	0.437789956622506	0	0	53.3732659789063
92670	0.445082199923034	0	0	53.3970964818563
92671	0.435738661451482	0	0	53.4208089899392
92672	0.434183750475637	0	0	53.4444042386394
92673	0.438282755824492	0	0	53.4678829588730
92674	0.444868071547115	0	0	53.4912458770160
92675	0.439964519241164	0	0	53.5144937149327
92676	0.438198332635438	0	0	53.5376271900036
92677	0.443795797117001	0	0	53.5606470151532
92678	0.442687478917667	0	0	53.5835538988779
92679	0.439822709265521	0	0	53.6063485452731
92680	0.433119367058762	0	0	53.6290316540611
92681	0.446064657515695	0	0	53.6516039206178
92682	0.447322440699050	0	0	53.6740660359999
92683	0.440502356199550	0	0	53.6964186869717
92684	0.441105543578576	0	0	53.7186625560317
92685	0.437054181464641	0	0	53.7407983214393
92686	0.432479357184230	0	0	53.7628266572408
92687	0.437639711792360	0	0	53.7847482332958
92688	0.433469471416531	0	0	53.8065637153033
92689	0.444123911293660	0	0	53.8282737648271
92690	0.449318270913417	0	0	53.8498790393223
92691	0.451519345675062	0	0	53.8713801921598
92692	0.438638128839855	0	0	53.8927778726524
92693	0.447882736853843	0	0	53.9140727260798
92694	0.441128760754471	0	0	53.9352653937137
92695	0.448363238640206	0	0	53.9563565128425
92696	0.445613660183917	0	0	53.9773467167962
92697	0.436205611093780	0	0	53.9982366349712
92698	0.452291500622136	0	0	54.0190268928542
92699	0.441494139198843	0	0	54.0397181120469
92700	0.452783534630575	0	0	54.0603109102901
92701	0.448369645579001	0	0	54.0808059014875
92702	0.451117405129200	0	0	54.1012036957298
92703	0.450327183712192	0	0	54.1215048993180
92704	0.445484849834228	0	0	54.1417101147874
92705	0.451929394739303	0	0	54.1618199409306
92706	0.447991424958882	0	0	54.1818349728209
92707	0.445051995998570	0	0	54.2017558018355
92708	0.448197564903840	0	0	54.2215830156783
92709	0.444497640877068	0	0	54.2413171984029
92710	0.444623251103499	0	0	54.2609589304351
92711	0.444669208392001	0	0	54.2805087885953
92712	0.441466322803696	0	0	54.2999673461215
92713	0.452156108535529	0	0	54.3193351726907
92714	0.444371567443815	0	0	54.3386128344419
92715	0.442232465368227	0	0	54.3578008939972
92716	0.444457054661578	0	0	54.3768999104844
92717	0.456789495300071	0	0	54.3959104395583
92718	0.440444202503763	0	0	54.4148330334224
92719	0.451147291709186	0	0	54.4336682408502
92720	0.450884202612477	0	0	54.4524166072067
92721	0.449537962642702	0	0	54.4710786744694
92722	0.441929730284722	0	0	54.4896549812496
92723	0.450077595777599	0	0	54.5081460628130
92724	0.454571398496813	0	0	54.5265524511006
92725	0.440108751967765	0	0	54.5448746747493
92726	0.444688670154030	0	0	54.5631132591128
92727	0.450538866169165	0	0	54.5812687262814
92728	0.450915784495483	0	0	54.5993415951025
92729	0.448839481352448	0	0	54.6173323812012
92730	0.447282307418098	0	0	54.6352415969994
92731	0.447046516116973	0	0	54.6530697517366
92732	0.447413877534014	0	0	54.6708173514892
92733	0.452365343200247	0	0	54.6884848991901
92734	0.448099809770815	0	0	54.7060728946485
92735	0.457722879333834	0	0	54.7235818345691
92736	0.450780193937014	0	0	54.7410122125714
92737	0.453953364488114	0	0	54.7583645192089
92738	0.447732532218242	0	0	54.7756392419884
92739	0.450755848094479	0	0	54.7928368653884
92740	0.457611361774257	0	0	54.8099578708783
92741	0.444487777193095	0	0	54.8270027369369
92742	0.449810173188376	0	0	54.8439719390712
92743	0.452785928641118	0	0	54.8608659498346
92744	0.448452923257679	0	0	54.8776852388454
92745	0.447548394312530	0	0	54.8944302728051
92746	0.450221585318373	0	0	54.9111015155162
92747	0.447863282839559	0	0	54.9276994279005
92748	0.444306028278280	0	0	54.9442244680172
92749	0.448589418641458	0	0	54.9606770910799
92750	0.452164681635049	0	0	54.9770577494752
92751	0.458744736626623	0	0	54.9933668927797
92752	0.457028679433416	0	0	55.0096049677773
92753	0.455515094066854	0	0	55.0257724184774
92754	0.454853231193464	0	0	55.0418696861311
92755	0.449394481767202	0	0	55.0578972092490
92756	0.455017456071478	0	0	55.0738554236181
92757	0.464382092912474	0	0	55.0897447623184
92758	0.460210182059951	0	0	55.1055656557402
92759	0.455556260537945	0	0	55.1213185316004
92760	0.463393624329576	0	0	55.1370038149595
92761	0.450739319483174	0	0	55.1526219282376
92762	0.449224755534972	0	0	55.1681732912313
92763	0.459578476357678	0	0	55.1836583211296
92764	0.462801830602602	0	0	55.1990774325304
92765	0.448405624628122	0	0	55.2144310374565
92766	0.462121091769907	0	0	55.2297195453713
92767	0.456414827522031	0	0	55.2449433631953
92768	0.455647158563557	0	0	55.2601028953213
92769	0.451676082423658	0	0	55.2751985436306
92770	0.455652312725664	0	0	55.2902307075081
92771	0.452525843640279	0	0	55.3051997838582
92772	0.457693958979671	0	0	55.3201061671200
92773	0.454892549207119	0	0	55.3349502492829
92774	0.453356127651753	0	0	55.3497324199014
92775	0.452357346430361	0	0	55.3644530661103
92776	0.449637531611986	0	0	55.3791125726403
92777	0.455295976112101	0	0	55.3937113218320
92778	0.448870711599689	0	0	55.4082496936516
92779	0.458662657153261	0	0	55.4227280657051
92780	0.448744385535865	0	0	55.4371468132532
92781	0.448444815534349	0	0	55.4515063092258
92782	0.463463491630248	0	0	55.4658069242366
92783	0.456223054537907	0	0	55.4800490265973
92784	0.466737383380779	0	0	55.4942329823319
92785	0.457325847309324	0	0	55.5083591551910
92786	0.462288680511591	0	0	55.5224279066662
92787	0.448970828227422	0	0	55.5364395960034
92788	0.449667319110474	0	0	55.5503945802176
92789	0.453902076962809	0	0	55.5642932141062
92790	0.460268401172152	0	0	55.5781358502628
92791	0.457754348577022	0	0	55.5919228390911
92792	0.444946073592796	0	0	55.6056545288186
92793	0.455974538950204	0	0	55.6193312655097
92794	0.450682682953892	0	0	55.6329533930795
92795	0.461430626481890	0	0	55.6465212533069
92796	0.460007682091855	0	0	55.6600351858482
92797	0.449733027174610	0	0	55.6734955282499
92798	0.458834816316805	0	0	55.6869026159620
92799	0.451128366660533	0	0	55.7002567823512
92800	0.457545933824109	0	0	55.7135583587135
92801	0.450484855526836	0	0	55.7268076742871
92802	0.454142873073610	0	0	55.7400050562656
92803	0.469437679353330	0	0	55.7531508298100
92804	0.453196839260033	0	0	55.7662453180620
92805	0.457186993264810	0	0	55.7792888421563
92806	0.456838526871470	0	0	55.7922817212329
92807	0.459530210050186	0	0	55.8052242724496
92808	0.460635299342046	0	0	55.8181168109943
92809	0.457938237837670	0	0	55.8309596500976
92810	0.458830720446017	0	0	55.8437531010441
92811	0.459289797646951	0	0	55.8564974731855
92812	0.461685045743362	0	0	55.8691930739519
92813	0.458588889515069	0	0	55.8818402088639
92814	0.451040637069089	0	0	55.8944391815447
92815	0.473358684915539	0	0	55.9069902937316
92816	0.459477583151790	0	0	55.9194938452877
92817	0.462118263568110	0	0	55.9319501342139
92818	0.463087268007180	0	0	55.9443594566602
92819	0.459427425218272	0	0	55.9567221069370
92820	0.464454107275429	0	0	55.9690383775270
92821	0.470096669696941	0	0	55.9813085590963
92822	0.463677093416739	0	0	55.9935329405054
92823	0.461584762495439	0	0	56.0057118088211
92824	0.466382187167488	0	0	56.0178454493270
92825	0.457194291261768	0	0	56.0299341455349
92826	0.469036076846275	0	0	56.0419781791958
92827	0.462961245739980	0	0	56.0539778303106
92828	0.460618141654057	0	0	56.0659333771413
92829	0.469440236276552	0	0	56.0778450962215
92830	0.462698939272051	0	0	56.0897132623675
92831	0.458020884404805	0	0	56.1015381486885
92832	0.458009944071945	0	0	56.1133200265976
92833	0.466303555866822	0	0	56.1250591658221
92834	0.459061691624058	0	0	56.1367558344142
92835	0.458706364950764	0	0	56.1484102987611
92836	0.454499541294610	0	0	56.1600228235956
92837	0.451382450962828	0	0	56.1715936720063
92838	0.459862604696946	0	0	56.1831231054476
92839	0.462228389006930	0	0	56.1946113837504
92840	0.463350320387398	0	0	56.2060587651314
92841	0.466238622815535	0	0	56.2174655062040
92842	0.470893340636094	0	0	56.2288318619875
92843	0.465076503514174	0	0	56.2401580859174
92844	0.470265797315578	0	0	56.2514444298552
92845	0.465410545289573	0	0	56.2626911440981
92846	0.458111747695061	0	0	56.2738984773889
92847	0.458622576754492	0	0	56.2850666769252
92848	0.462538247602978	0	0	56.2961959883695
92849	0.461135189492622	0	0	56.3072866558586
92850	0.462926657863878	0	0	56.3183389220130
92851	0.461573582306368	0	0	56.3293530279461
92852	0.457443038712162	0	0	56.3403292132740
92853	0.463351423788772	0	0	56.3512677161247
92854	0.467094668561634	0	0	56.3621687731470
92855	0.468886780075698	0	0	56.3730326195201
92856	0.461237698648277	0	0	56.3838594889624
92857	0.465326045477055	0	0	56.3946496137410
92858	0.465424482459694	0	0	56.4054032246803
92859	0.455674778725221	0	0	56.4161205511709
92860	0.465715358254624	0	0	56.4268018211791
92861	0.460158842806969	0	0	56.4374472612551
92862	0.461142704384805	0	0	56.4480570965421
92863	0.466968706410644	0	0	56.4586315507852
92864	0.464332714989250	0	0	56.4691708463396
92865	0.466236892740923	0	0	56.4796752041796
92866	0.463709303831492	0	0	56.4901448439073
92867	0.468719184639519	0	0	56.5005799837606
92868	0.463359182532785	0	0	56.5109808406223
92869	0.464998599853223	0	0	56.5213476300280
92870	0.470071253209867	0	0	56.5316805661748
92871	0.465280748483922	0	0	56.5419798619293
92872	0.460785997423509	0	0	56.5522457288363
92873	0.468624606353217	0	0	56.5624783771267
92874	0.463874540803158	0	0	56.5726780157257
92875	0.467218671376248	0	0	56.5828448522608
92876	0.469103446175245	0	0	56.5929790930703
92877	0.471623182341080	0	0	56.6030809432109
92878	0.471684488308592	0	0	56.6131506064656
92879	0.465873302885067	0	0	56.6231882853519
92880	0.463054947453440	0	0	56.6331941811296
92881	0.473390878788946	0	0	56.6431684938086
92882	0.470509222764701	0	0	56.6531114221564
92883	0.468183939321264	0	0	56.6630231637063
92884	0.474814633181360	0	0	56.6729039147645
92885	0.466728779041617	0	0	56.6827538704184
92886	0.474864886907398	0	0	56.6925732245435
92887	0.462385210432449	0	0	56.7023621698113
92888	0.482274067523542	0	0	56.7121208976969
92889	0.460264897071582	0	0	56.7218495984858
92890	0.465578069994237	0	0	56.7315484612822
92891	0.468288705636266	0	0	56.7412176740156
92892	0.468872304393442	0	0	56.7508574234484
92893	0.470973168473184	0	0	56.7604678951832
92894	0.464132838493484	0	0	56.7700492736697
92895	0.465845937574749	0	0	56.7796017422124
92896	0.462816200222092	0	0	56.7891254829770
92897	0.476676508603165	0	0	56.7986206769983
92898	0.463569621308308	0	0	56.8080875041864
92899	0.465061046717130	0	0	56.8175261433344
92900	0.467527168830264	0	0	56.8269367721247
92901	0.470223398632814	0	0	56.8363195671363
92902	0.463828789287490	0	0	56.8456747038519
92903	0.475864385134643	0	0	56.8550023566638
92904	0.465178869776320	0	0	56.8643026988818
92905	0.469905114814613	0	0	56.8735759027390
92906	0.465176958632792	0	0	56.8828221393989
92907	0.467498798855191	0	0	56.8920415789623
92908	0.479829686309351	0	0	56.9012343904734
92909	0.472489123673548	0	0	56.9104007419264
92910	0.470219929290570	0	0	56.9195408002724
92911	0.477143617472438	0	0	56.9286547314258
92912	0.467977153695630	0	0	56.9377427002703
92913	0.471786952526625	0	0	56.9468048706658
92914	0.471940802529205	0	0	56.9558414054545
92915	0.472306917910280	0	0	56.9648524664674
92916	0.466956367538677	0	0	56.9738382145304
92917	0.472437201003799	0	0	56.9827988094707
92918	0.468653835601258	0	0	56.9917344101227
92919	0.473887581933764	0	0	57.0006451743346
92920	0.464969175518352	0	0	57.0095312589743
92921	0.477437488071562	0	0	57.0183928199354
92922	0.469426824571036	0	0	57.0272300121435
92923	0.462716625837728	0	0	57.0360429895619
92924	0.470496810052157	0	0	57.0448319051980
92925	0.477523928206608	0	0	57.0535969111087
92926	0.465948860777580	0	0	57.0623381584067
92927	0.479804685135782	0	0	57.0710557972664
92928	0.470761272607528	0	0	57.0797499769294
92929	0.475722770173413	0	0	57.0884208457104
92930	0.465892863776691	0	0	57.0970685510034
92931	0.468551607943158	0	0	57.1056932392867
92932	0.467937961449176	0	0	57.1142950561291
92933	0.475316759468720	0	0	57.1228741461954
92934	0.462537435458993	0	0	57.1314306532519
92935	0.481067426501529	0	0	57.1399647201722
92936	0.469041244881712	0	0	57.1484764889425
92937	0.466131415821871	0	0	57.1569661006675
92938	0.474232617690025	0	0	57.1654336955754
92939	0.478519550113817	0	0	57.1738794130236
92940	0.476834322760857	0	0	57.1823033915042
92941	0.459612162567596	0	0	57.1907057686490
92942	0.475449054855267	0	0	57.1990866812353
92943	0.466242608177784	0	0	57.2074462651911
92944	0.482442783317997	0	0	57.2157846555999
92945	0.470448175824270	0	0	57.2241019867067
92946	0.475439768935804	0	0	57.2323983919227
92947	0.478966172201032	0	0	57.2406740038306
92948	0.479524790616729	0	0	57.2489289541896
92949	0.472542121281012	0	0	57.2571633739411
92950	0.469775581083989	0	0	57.2653773932129
92951	0.475492869626437	0	0	57.2735711413249
92952	0.467307051997625	0	0	57.2817447467939
92953	0.468666753426002	0	0	57.2898983373388
92954	0.473640391757086	0	0	57.2980320398850
92955	0.476416884573614	0	0	57.3061459805700
92956	0.480547157481299	0	0	57.3142402847479
92957	0.478842367829713	0	0	57.3223150769944
92958	0.468955843310166	0	0	57.3303704811115
92959	0.486414059941939	0	0	57.3384066201324
92960	0.478272376411976	0	0	57.3464236163264
92961	0.472488455608318	0	0	57.3544215912035
92962	0.476360118822678	0	0	57.3624006655190
92963	0.479762928792810	0	0	57.3703609592785
92964	0.476537789394623	0	0	57.3783025917422
92965	0.468732435114174	0	0	57.3862256814298
92966	0.472390853316727	0	0	57.3941303461252
92967	0.482983378501297	0	0	57.4020167028806
92968	0.473898498833771	0	0	57.4098848680215
92969	0.475597777677071	0	0	57.4177349571509
92970	0.480733560288776	0	0	57.4255670851540
92971	0.470485332441318	0	0	57.4333813662027
92972	0.481331487349429	0	0	57.4411779137598
92973	0.484824742136775	0	0	57.4489568405836
92974	0.479392275661339	0	0	57.4567182587320
92975	0.484264772002931	0	0	57.4644622795674
92976	0.477884389359079	0	0	57.4721890137603
92977	0.470534005161432	0	0	57.4798985712943
92978	0.484155274736010	0	0	57.4875910614698
92979	0.477978016032718	0	0	57.4952665929086
92980	0.477823002010922	0	0	57.5029252735579
92981	0.473831085809867	0	0	57.5105672106947
92982	0.482528198798804	0	0	57.5181925109299
92983	0.484487789594856	0	0	57.5258012802121
92984	0.477370717741100	0	0	57.5333936238323
92985	0.473128191483795	0	0	57.5409696464276
92986	0.477774388379269	0	0	57.5485294519852
92987	0.474349780292870	0	0	57.5560731438468
92988	0.480246451190954	0	0	57.5636008247123
92989	0.490938868453726	0	0	57.5711125966439
92990	0.480900932342678	0	0	57.5786085610700
92991	0.482471914063330	0	0	57.5860888187891
92992	0.484726480410015	0	0	57.5935534699741
92993	0.483023344393400	0	0	57.6010026141756
92994	0.474382016407105	0	0	57.6084363503261
92995	0.478814289234108	0	0	57.6158547767438
92996	0.479848553304815	0	0	57.6232579911364
92997	0.478055163532927	0	0	57.6306460906049
92998	0.488667809149335	0	0	57.6380191716474
92999	0.478774383302875	0	0	57.6453773301626
93000	0.485470800186754	0	0	57.6527206614542
93001	0.480738665132631	0	0	57.6600492602335
93002	0.480944159612658	0	0	57.6673632206242
93003	0.484416026032326	0	0	57.6746626361653
93004	0.475245379837366	0	0	57.6819475998151
93005	0.491194921892289	0	0	57.6892182039546
93006	0.474299340562352	0	0	57.6964745403913
93007	0.477015747005976	0	0	57.7037167003625
93008	0.482835803601404	0	0	57.7109447745391
93009	0.488512767611021	0	0	57.7181588530289
93010	0.482058267854915	0	0	57.7253590253804
93011	0.488905295005423	0	0	57.7325453805858
93012	0.486199866050355	0	0	57.7397180070849
93013	0.476604401603169	0	0	57.7468769927683
93014	0.483183628744262	0	0	57.7540224249810
93015	0.483772007399192	0	0	57.7611543905254
93016	0.482794058490134	0	0	57.7682729756652
93017	0.480850597784583	0	0	57.7753782661283
93018	0.490752479838497	0	0	57.7824703471105
93019	0.476382790699729	0	0	57.7895493032784
93020	0.478422146579036	0	0	57.7966152187729
93021	0.487920133279126	0	0	57.8036681772127
93022	0.487680314171888	0	0	57.8107082616971
93023	0.487017380240895	0	0	57.8177355548094
93024	0.481029125811894	0	0	57.8247501386204
93025	0.489258412016402	0	0	57.8317520946911
93026	0.481718409922191	0	0	57.8387415040761
93027	0.486170451039989	0	0	57.8457184473268
93028	0.481138101548208	0	0	57.8526830044945
93029	0.479035588378112	0	0	57.8596352551333
93030	0.489202072455191	0	0	57.8665752783035
93031	0.492659003697235	0	0	57.8735031525746
93032	0.486369277644741	0	0	57.8804189560281
93033	0.488391863741752	0	0	57.8873227662607
93034	0.498205924620911	0	0	57.8942146603875
93035	0.492030855148759	0	0	57.9010947150446
93036	0.490049351126921	0	0	57.9079630063924
93037	0.500328027488644	0	0	57.9148196101184
93038	0.489038970617429	0	0	57.9216646014402
93039	0.492288161749171	0	0	57.9284980551084
93040	0.488737949569156	0	0	57.9353200454095
93041	0.490771283098961	0	0	57.9421306461686
93042	0.486914322388107	0	0	57.9489299307528
93043	0.484192127142878	0	0	57.9557179720733
93044	0.490165191539541	0	0	57.9624948425889
93045	0.492794483027786	0	0	57.9692606143085
93046	0.489516574610998	0	0	57.9760153587937
93047	0.495123516537528	0	0	57.9827591471620
93048	0.491301717062546	0	0	57.9894920500894
93049	0.489800784595993	0	0	57.9962141378130
93050	0.483742103566835	0	0	58.0029254801338
93051	0.496837545786024	0	0	58.0096261464195
93052	0.494744698965981	0	0	58.0163162056073
93053	0.496932112477795	0	0	58.0229957262060
93054	0.497467092269764	0	0	58.0296647762995
93055	0.482705701859452	0	0	58.0363234235487
93056	0.486398750232541	0	0	58.0429717351946
93057	0.495632667760801	0	0	58.0496097780606
93058	0.500151589043970	0	0	58.0562376185554
93059	0.492876853685214	0	0	58.0628553226753
93060	0.497312656342673	0	0	58.0694629560069
93061	0.491027776811478	0	0	58.0760605837297
93062	0.491940812210846	0	0	58.0826482706184
93063	0.490988622654219	0	0	58.0892260810456
93064	0.481785695232889	0	0	58.0957940789844
93065	0.495311094304039	0	0	58.1023523280105
93066	0.497431691001935	0	0	58.1089008913052
93067	0.498355225020588	0	0	58.1154398316574
93068	0.499349859727389	0	0	58.1219692114660
93069	0.497984160108348	0	0	58.1284890927430
93070	0.494626519120642	0	0	58.1349995371149
93071	0.502867131930990	0	0	58.1415006058260
93072	0.502688964557083	0	0	58.1479923597402
93073	0.495058064896809	0	0	58.1544748593437
93074	0.492522579700207	0	0	58.1609481647471
93075	0.500819627020749	0	0	58.1674123356877
93076	0.494451360372719	0	0	58.1738674315322
93077	0.497228936698267	0	0	58.1803135112786
93078	0.501051116099753	0	0	58.1867506335588
93079	0.499813730769895	0	0	58.1931788566406
93080	0.498841907250194	0	0	58.1995982384300
93081	0.503581589884621	0	0	58.2060088364738
93082	0.495798957300681	0	0	58.2124107079612
93083	0.492592727807846	0	0	58.2188039097266
93084	0.501666630039337	0	0	58.2251884982516
93085	0.501948632215549	0	0	58.2315645296672
93086	0.501719730400764	0	0	58.2379320597558
93087	0.504991387591572	0	0	58.2442911439536
93088	0.494671397328828	0	0	58.2506418373527
93089	0.499723627541895	0	0	58.2569841947032
93090	0.501526480342101	0	0	58.2633182704153
93091	0.499031063055019	0	0	58.2696441185614
93092	0.506003780200424	0	0	58.2759617928784
93093	0.510597191767782	0	0	58.2822713467694
93094	0.504334307659497	0	0	58.2885728333063
93095	0.505548637312943	0	0	58.2948663052312
93096	0.506485706670476	0	0	58.3011518149590
93097	0.501751774965183	0	0	58.3074294145794
93098	0.506311044006401	0	0	58.3136991558584
93099	0.508873829814266	0	0	58.3199610902410
93100	0.504005552587112	0	0	58.3262152688526
93101	0.514355216320712	0	0	58.3324617425013
93102	0.501659383076065	0	0	58.3387005616801
93103	0.513379750534696	0	0	58.3449317765682
93104	0.512053944388871	0	0	58.3511554370335
93105	0.516748061653405	0	0	58.3573715926343
93106	0.510788090481339	0	0	58.3635802926214
93107	0.517060504278128	0	0	58.3697815859398
93108	0.513127017464518	0	0	58.3759755212307
93109	0.513575625773013	0	0	58.3821621468333
93110	0.500924693723129	0	0	58.3883415107870
93111	0.513282224671038	0	0	58.3945136608328
93112	0.507664420604632	0	0	58.4006786444153
93113	0.511724872711987	0	0	58.4068365086850
93114	0.513062187380422	0	0	58.4129873004992
93115	0.509454850814121	0	0	58.4191310664248
93116	0.514023233918791	0	0	58.4252678527394
93117	0.510558617096637	0	0	58.4313977054336
93118	0.509411311452984	0	0	58.4375206702123
93119	0.510310807994647	0	0	58.4436367924969
93120	0.517787095475036	0	0	58.4497461174267
93121	0.504842979311695	0	0	58.4558486898611
93122	0.501556388780379	0	0	58.4619445543808
93123	0.509951880155096	0	0	58.4680337552899
93124	0.517067408492527	0	0	58.4741163366175
93125	0.510887852966349	0	0	58.4801923421196
93126	0.511888030959805	0	0	58.4862618152803
93127	0.516777403966953	0	0	58.4923247993142
93128	0.521320538862381	0	0	58.4983813371673
93129	0.518652022700140	0	0	58.5044314715194
93130	0.515028033433136	0	0	58.5104752447851
93131	0.525815986516253	0	0	58.5165126991160
93132	0.519155422752988	0	0	58.5225438764020
93133	0.530007837684773	0	0	58.5285688182729
93134	0.520256921740621	0	0	58.5345875661004
93135	0.514820578345612	0	0	58.5406001609992
93136	0.514795114295923	0	0	58.5466066438290
93137	0.513163469683876	0	0	58.5526070551957
93138	0.514611975692809	0	0	58.5586014354533
93139	0.512197340915999	0	0	58.5645898247056
93140	0.526547270439904	0	0	58.5705722628071
93141	0.518666903988739	0	0	58.5765487893651
93142	0.524294175470989	0	0	58.5825194437413
93143	0.524510844893748	0	0	58.5884842650529
93144	0.520435197974406	0	0	58.5944432921745
93145	0.525527838915424	0	0	58.6003965637391
93146	0.522247844882597	0	0	58.6063441181405
93147	0.524665429564752	0	0	58.6122859935337
93148	0.526539271239490	0	0	58.6182222278373
93149	0.510574620382804	0	0	58.6241528587343
93150	0.518253002270675	0	0	58.6300779236741
93151	0.526873300459473	0	0	58.6359974598736
93152	0.521221600693899	0	0	58.6419115043186
93153	0.521006420758886	0	0	58.6478200937656
93154	0.523621849536626	0	0	58.6537232647428
93155	0.519339309761220	0	0	58.6596210535520
93156	0.526599106181560	0	0	58.6655134962695
93157	0.524039920964747	0	0	58.6714006287477
93158	0.527282507573215	0	0	58.6772824866166
93159	0.523785497078722	0	0	58.6831591052853
93160	0.527564901583495	0	0	58.6890305199428
93161	0.527879812476456	0	0	58.6948967655600
93162	0.523235564634455	0	0	58.7007578768907
93163	0.520408731561221	0	0	58.7066138884730
93164	0.524275741262280	0	0	58.7124648346309
93165	0.528273601453392	0	0	58.7183107494752
93166	0.518625654107136	0	0	58.7241516669050
93167	0.525824834063800	0	0	58.7299876206093
93168	0.520416824626690	0	0	58.7358186440678
93169	0.526686826421573	0	0	58.7416447705526
93170	0.520151841223928	0	0	58.7474660331293
93171	0.524771819350790	0	0	58.7532824646584
93172	0.518987922381524	0	0	58.7590940977965
93173	0.525084102219238	0	0	58.7649009649974
93174	0.526067434656217	0	0	58.7707030985137
93175	0.529576353118964	0	0	58.7765005303978
93176	0.518559518690927	0	0	58.7822932925034
93177	0.520191320410849	0	0	58.7880814164863
93178	0.518967014794840	0	0	58.7938649338060
93179	0.529005129101016	0	0	58.7996438757269
93180	0.530741209573050	0	0	58.8054182733193
93181	0.526290019600372	0	0	58.8111881574607
93182	0.528110576472663	0	0	58.8169535588372
93183	0.520575269398234	0	0	58.8227145079443
93184	0.521776614710416	0	0	58.8284710350884
93185	0.527229355061496	0	0	58.8342231703879
93186	0.523133393690712	0	0	58.8399709437743
93187	0.524183801288595	0	0	58.8457143849933
93188	0.534222872094770	0	0	58.8514535236063
93189	0.538849989330577	0	0	58.8571883889911
93190	0.520259039712082	0	0	58.8629190103432
93191	0.532866143138180	0	0	58.8686454166772
93192	0.521635330392510	0	0	58.8743676368274
93193	0.523524654981829	0	0	58.8800856994495
93194	0.529861638980447	0	0	58.8857996330212
93195	0.523983088603316	0	0	58.8915094658438
93196	0.531032227077636	0	0	58.8972152260426
93197	0.520313792232502	0	0	58.9029169415688
93198	0.520194270623160	0	0	58.9086146402000
93199	0.526804157038143	0	0	58.9143083495417
93200	0.528359770001214	0	0	58.9199980970278
93201	0.522278648811856	0	0	58.9256839099224
93202	0.522479710569414	0	0	58.9313658153201
93203	0.529144667019549	0	0	58.9370438401476
93204	0.523030106798568	0	0	58.9427180111648
93205	0.525250849655585	0	0	58.9483883549651
93206	0.533136349727658	0	0	58.9540548979773
93207	0.526980173826093	0	0	58.9597176664661
93208	0.530565439776661	0	0	58.9653766865334
93209	0.514140821910833	0	0	58.9710319841192
93210	0.527882045705588	0	0	58.9766835850023
93211	0.527308810244968	0	0	58.9823315148019
93212	0.526462563921110	0	0	58.9879757989783
93213	0.525091084461830	0	0	58.9936164628336
93214	0.521679322454994	0	0	58.9992535315132
93215	0.517271673324969	0	0	59.0048870300064
93216	0.525997013562402	0	0	59.0105169831476
93217	0.527264929131910	0	0	59.0161434156172
93218	0.520751608722774	0	0	59.0217663519423
93219	0.533162473368352	0	0	59.0273858164980
93220	0.511347041976585	0	0	59.0330018335082
93221	0.522373101296684	0	0	59.0386144270467
93222	0.523267857848152	0	0	59.0442236210378
93223	0.514813007560700	0	0	59.0498294392574
93224	0.526089422385875	0	0	59.0554319053340
93225	0.520074001277528	0	0	59.0610310427496
93226	0.536937020772181	0	0	59.0666268748406
93227	0.522001984970034	0	0	59.0722194247984
93228	0.521141731248904	0	0	59.0778087156709
93229	0.519011110265802	0	0	59.0833947703629
93230	0.517445314875804	0	0	59.0889776116371
93231	0.517142830364815	0	0	59.0945572621151
93232	0.518923476810631	0	0	59.1001337442783
93233	0.519131474845977	0	0	59.1057070804684
93234	0.515899732020222	0	0	59.1112772928888
93235	0.526116298366500	0	0	59.1168444036051
93236	0.522327768590079	0	0	59.1224084345462
93237	0.521173596367047	0	0	59.1279694075047
93238	0.530413003015369	0	0	59.1335273441384
93239	0.521334940192169	0	0	59.1390822659706
93240	0.519181087993704	0	0	59.1446341943912
93241	0.515326568563788	0	0	59.1501831506573
93242	0.522926730010936	0	0	59.1557291558945
93243	0.530406329168056	0	0	59.1612722310971
93244	0.523460727153077	0	0	59.1668123971293
93245	0.516185266245989	0	0	59.1723496747261
93246	0.518586295229537	0	0	59.1778840844936
93247	0.519995498866576	0	0	59.1834156469104
93248	0.524405126354035	0	0	59.1889443823281
93249	0.515029979427783	0	0	59.1944703109718
93250	0.520013868994823	0	0	59.1999934529416
93251	0.518024702040364	0	0	59.2055138282128
93252	0.518448032983751	0	0	59.2110314566368
93253	0.517031783335626	0	0	59.2165463579419
93254	0.513340256659773	0	0	59.2220585517342
93255	0.519415345916825	0	0	59.2275680574982
93256	0.522169195990163	0	0	59.2330748945974
93257	0.511655151655291	0	0	59.2385790822756
93258	0.522110823941446	0	0	59.2440806396570
93259	0.514202715617612	0	0	59.2495795857474
93260	0.518587905698639	0	0	59.2550759394346
93261	0.521573296618856	0	0	59.2605697194895
93262	0.517965385634417	0	0	59.2660609445665
93263	0.522641389457344	0	0	59.2715496332043
93264	0.517827792292503	0	0	59.2770358038268
93265	0.517418280387956	0	0	59.2825194747436
93266	0.522192589460325	0	0	59.2880006641510
93267	0.516059871340122	0	0	59.2934793901320
93268	0.511286480697545	0	0	59.2989556706581
93269	0.516833999022193	0	0	59.3044295235889
93270	0.506447493684569	0	0	59.3099009666736
93271	0.509126555375300	0	0	59.3153700175513
93272	0.513614799592892	0	0	59.3208366937517
93273	0.518121940146915	0	0	59.3263010126958
93274	0.516871991301346	0	0	59.3317629916967
93275	0.504734428311995	0	0	59.3372226479602
93276	0.523443960980090	0	0	59.3426799985853
93277	0.515519639628451	0	0	59.3481350605653
93278	0.511035455112939	0	0	59.3535878507878
93279	0.518848894395012	0	0	59.3590383860360
93280	0.517904275309018	0	0	59.3644866829890
93281	0.523789952060371	0	0	59.3699327582225
93282	0.509873237384758	0	0	59.3753766282095
93283	0.517393032344881	0	0	59.3808183093207
93284	0.512368682449297	0	0	59.3862578178257
93285	0.513348626320865	0	0	59.3916951698931
93286	0.499777502109761	0	0	59.3971303815910
93287	0.517000264498321	0	0	59.4025634688884
93288	0.520162744498124	0	0	59.4079944476551
93289	0.516567637860672	0	0	59.4134233336625
93290	0.514865399300279	0	0	59.4188501425843
93291	0.516239849623042	0	0	59.4242748899971
93292	0.503175760878229	0	0	59.4296975913810
93293	0.510715800430031	0	0	59.4351182621200
93294	0.517830457729321	0	0	59.4405369175031
93295	0.516122891276452	0	0	59.4459535727241
93296	0.509151844593453	0	0	59.4513682428831
93297	0.514835975795793	0	0	59.4567809429862
93298	0.503500627713436	0	0	59.4621916879470
93299	0.507867776433925	0	0	59.4676004925861
93300	0.511367885070626	0	0	59.4730073716329
93301	0.516070520608135	0	0	59.4784123397250
93302	0.500750691539611	0	0	59.4838154114096
93303	0.506799773131309	0	0	59.4892166011437
93304	0.513602195293060	0	0	59.4946159232946
93305	0.506741887527212	0	0	59.5000133921409
93306	0.504918056471868	0	0	59.5054090218723
93307	0.514343889038963	0	0	59.5108028265909
93308	0.505501891994524	0	0	59.5161948203113
93309	0.518251841981701	0	0	59.5215850169613
93310	0.509052652400233	0	0	59.5269734303825
93311	0.510873369785198	0	0	59.5323600743306
93312	0.508616455459194	0	0	59.5377449624761
93313	0.516118154679765	0	0	59.5431281084049
93314	0.508987235742347	0	0	59.5485095256187
93315	0.503354047917482	0	0	59.5538892275356
93316	0.513815324987179	0	0	59.5592672274904
93317	0.510184145270120	0	0	59.5646435387355
93318	0.508301440894623	0	0	59.5700181744410
93319	0.510901322641707	0	0	59.5753911476958
93320	0.496958060766294	0	0	59.5807624715072
93321	0.507788258972289	0	0	59.5861321588023
93322	0.503621804819857	0	0	59.5915002224281
93323	0.509352511204444	0	0	59.5968666751518
93324	0.505130760209011	0	0	59.6022315296618
93325	0.501290436381504	0	0	59.6075947985677
93326	0.506490959025339	0	0	59.6129564944011
93327	0.501781647145300	0	0	59.6183166296160
93328	0.501486336111487	0	0	59.6236752165892
93329	0.504511203019571	0	0	59.6290322676209
93330	0.508653442938840	0	0	59.6343877949350
93331	0.503604251319433	0	0	59.6397418106799
93332	0.514298131952542	0	0	59.6450943269286
93333	0.510179689825438	0	0	59.6504453556794
93334	0.494578468869345	0	0	59.6557949088564
93335	0.495176313963107	0	0	59.6611429983096
93336	0.508027707958057	0	0	59.6664896358158
93337	0.505984580924339	0	0	59.6718348330788
93338	0.516447098366778	0	0	59.6771786017301
93339	0.505591146829811	0	0	59.6825209533290
93340	0.503395894417727	0	0	59.6878618993631
93341	0.507392966240294	0	0	59.6932014512493
93342	0.508509669860198	0	0	59.6985396203333
93343	0.512531907204614	0	0	59.7038764178910
93344	0.503823605835164	0	0	59.7092118551281
93345	0.506138762402630	0	0	59.7145459431812
93346	0.504024357225373	0	0	59.7198786931179
93347	0.499024480305609	0	0	59.7252101159371
93348	0.505070647256618	0	0	59.7305402225698
93349	0.508672095049863	0	0	59.7358690238792
93350	0.499663618336399	0	0	59.7411965306615
93351	0.509640958506979	0	0	59.7465227536456
93352	0.493784501358063	0	0	59.7518477034945
93353	0.510414284893320	0	0	59.7571713908049
93354	0.507372466553385	0	0	59.7624938261078
93355	0.509287587370151	0	0	59.7678150198693
93356	0.498197461448181	0	0	59.7731349824906
93357	0.505674845790531	0	0	59.7784537243084
93358	0.508066775062088	0	0	59.7837712555955
93359	0.501464951744332	0	0	59.7890875865613
93360	0.505310060910374	0	0	59.7944027273518
93361	0.505478211261640	0	0	59.7997166880501
93362	0.499061258337522	0	0	59.8050294786771
93363	0.502399613762318	0	0	59.8103411091918
93364	0.494412272109947	0	0	59.8156515894911
93365	0.496028822758258	0	0	59.8209609294112
93366	0.501624099527823	0	0	59.8262691387270
93367	0.505870795937031	0	0	59.8315762271531
93368	0.509963569831208	0	0	59.8368822043440
93369	0.509407824196418	0	0	59.8421870798945
93370	0.507903440871268	0	0	59.8474908633397
93371	0.504177567282172	0	0	59.8527935641562
93372	0.517186774981622	0	0	59.8580951917616
93373	0.507393272370949	0	0	59.8633957555153
93374	0.510009653970418	0	0	59.8686952647188
93375	0.500900297651446	0	0	59.8739937286162
93376	0.503243276108855	0	0	59.8792911563941
93377	0.510578589617443	0	0	59.8845875571826
93378	0.511873349577737	0	0	59.8898829400552
93379	0.504714506746606	0	0	59.8951773140290
93380	0.510980418391290	0	0	59.9004706880657
93381	0.508348259318527	0	0	59.9057630710714
93382	0.503768197877994	0	0	59.9110544718970
93383	0.502663748322873	0	0	59.9163448993389
93384	0.507982463906821	0	0	59.9216343621388
93385	0.504304060529461	0	0	59.9269228689845
93386	0.509716320366600	0	0	59.9322104285101
93387	0.509329755007811	0	0	59.9374970492963
93388	0.506201566066914	0	0	59.9427827398704
93389	0.506520612699850	0	0	59.9480675087074
93390	0.505742029334692	0	0	59.9533513642297
93391	0.509938528642215	0	0	59.9586343148075
93392	0.511957257194527	0	0	59.9639163687594
93393	0.511344685050059	0	0	59.9691975343525
93394	0.504931817735776	0	0	59.9744778198028
93395	0.499995318615075	0	0	59.9797572332754
93396	0.514663300466949	0	0	59.9850357828851
93397	0.509147043268539	0	0	59.9903134766962
93398	0.507507973250167	0	0	59.9955903227235
93399	0.506042812556386	0	0	60.0008663289320
93400	0.502505244313133	0	0	60.0061415032376
93401	0.503214019805178	0	0	60.0114158535070
93402	0.508706108586563	0	0	60.0166893875587
93403	0.509523466686617	0	0	60.0219621131624
93404	0.500933444730546	0	0	60.0272340380401
93405	0.501489875488205	0	0	60.0325051698658
93406	0.509492775697607	0	0	60.0377755162664
93407	0.507142470788932	0	0	60.0430450848213
93408	0.513909842491501	0	0	60.0483138830631
93409	0.512207520166411	0	0	60.0535819184782
93410	0.506200835490426	0	0	60.0588491985063
93411	0.513755279158491	0	0	60.0641157305412
93412	0.514979428680121	0	0	60.0693815219312
93413	0.518344322882077	0	0	60.0746465799791
93414	0.512672030725982	0	0	60.0799109119423
93415	0.519693555576889	0	0	60.0851745250338
93416	0.502363787991073	0	0	60.0904374264217
93417	0.506364151561791	0	0	60.0956996232299
93418	0.504901987472393	0	0	60.1009611225382
93419	0.507123162762791	0	0	60.1062219313829
93420	0.508104850324171	0	0	60.1114820567565
93421	0.501174578109960	0	0	60.1167415056085
93422	0.506585989234862	0	0	60.1220002848453
93423	0.506668246888961	0	0	60.1272584013309
93424	0.512642258727136	0	0	60.1325158618866
93425	0.509111626646172	0	0	60.1377726732917
93426	0.505522160608849	0	0	60.1430288422836
93427	0.522577854355138	0	0	60.1482843755581
93428	0.514957494234646	0	0	60.1535392797695
93429	0.510463012392878	0	0	60.1587935615312
93430	0.510148481166436	0	0	60.1640472274157
93431	0.504007723156130	0	0	60.1693002839547
93432	0.509244719668610	0	0	60.1745527376398
93433	0.511500016688443	0	0	60.1798045949225
93434	0.498176637631248	0	0	60.1850558622142
93435	0.512687816432823	0	0	60.1903065458869
93436	0.512224246344023	0	0	60.1955566522733
93437	0.496143012044590	0	0	60.2008061876669
93438	0.509724464205663	0	0	60.2060551583223
93439	0.508819325959397	0	0	60.2113035704555
93440	0.513858782639814	0	0	60.2165514302443
93441	0.508748583337157	0	0	60.2217987438280
93442	0.501366163925911	0	0	60.2270455173083
93443	0.507165636775480	0	0	60.2322917567490
93444	0.508979631179570	0	0	60.2375374681767
93445	0.502331382428669	0	0	60.2427826575807
93446	0.510585163593886	0	0	60.2480273309132
93447	0.513390721187441	0	0	60.2532714940898
93448	0.502956414986415	0	0	60.2585151529896
93449	0.500512543174331	0	0	60.2637583134552
93450	0.513128898818544	0	0	60.2690009812933
93451	0.499869642807665	0	0	60.2742431622749
93452	0.511873225295488	0	0	60.2794848621351
93453	0.513717855629413	0	0	60.2847260865737
93454	0.503142204140910	0	0	60.2899668412554
93455	0.514135961619648	0	0	60.2952071318100
93456	0.514380637374727	0	0	60.3004469638323
93457	0.512488322024695	0	0	60.3056863428827
93458	0.511078590215031	0	0	60.3109252744875
93459	0.516591214501491	0	0	60.3161637641386
93460	0.512639923442816	0	0	60.3214018172942
93461	0.510052170763223	0	0	60.3266394393787
93462	0.509439161433054	0	0	60.3318766357831
93463	0.517521707216368	0	0	60.3371134118652
93464	0.510718620781262	0	0	60.3423497729496
93465	0.515670226623610	0	0	60.3475857243282
93466	0.519124909969507	0	0	60.3528212712601
93467	0.510802800640362	0	0	60.3580564189722
93468	0.515888252554439	0	0	60.3632911726590
93469	0.508458527854259	0	0	60.3685255374829
93470	0.497250047287945	0	0	60.3737595185746
93471	0.509389296671552	0	0	60.3789931210331
93472	0.507017500054890	0	0	60.3842263499260
93473	0.513607510094010	0	0	60.3894592102895
93474	0.514338502469259	0	0	60.3946917071290
93475	0.507119924582457	0	0	60.3999238454188
93476	0.507973565926161	0	0	60.4051556301027
93477	0.506119281267917	0	0	60.4103870660939
93478	0.526339100427471	0	0	60.4156181582753
93479	0.510930413451753	0	0	60.4208489114999
93480	0.514707339993584	0	0	60.4260793305905
93481	0.507530285686620	0	0	60.4313094203404
93482	0.500016936988606	0	0	60.4365391855133
93483	0.507109090075359	0	0	60.4417686308434
93484	0.514831356361354	0	0	60.4469977610359
93485	0.510252265491779	0	0	60.4522265807669
93486	0.518073075216186	0	0	60.4574550946837
93487	0.520762142507138	0	0	60.4626833074051
93488	0.521100755790702	0	0	60.4679112235212
93489	0.512751580829574	0	0	60.4731388475939
93490	0.513901100221929	0	0	60.4783661841572
93491	0.515806134411151	0	0	60.4835932377168
93492	0.511402335036139	0	0	60.4888200127510
93493	0.510418990753282	0	0	60.4940465137102
93494	0.508592788129453	0	0	60.4992727450176
93495	0.511052794360023	0	0	60.5044987110691
93496	0.513371727448668	0	0	60.5097244162335
93497	0.507617004520817	0	0	60.5149498648528
93498	0.517484035792186	0	0	60.5201750612420
93499	0.503108095327457	0	0	60.5254000096897
93500	0.503851547856112	0	0	60.5306247144582
93501	0.521125112136554	0	0	60.5358491797834
93502	0.514987917387177	0	0	60.5410734098751
93503	0.510036666464198	0	0	60.5462974089173
93504	0.513499061866294	0	0	60.5515211810681
93505	0.514689962378239	0	0	60.5567447304601
93506	0.509660262541807	0	0	60.5619680612004
93507	0.508504349077956	0	0	60.5671911773710
93508	0.514977366463273	0	0	60.5724140830284
93509	0.510101206509597	0	0	60.5776367822046
93510	0.517137643924853	0	0	60.5828592789063
93511	0.511617571305593	0	0	60.5880815771160
93512	0.515908905085414	0	0	60.5933036807914
93513	0.522989933814686	0	0	60.5985255938659
93514	0.519015696796104	0	0	60.6037473202487
93515	0.503535824069692	0	0	60.6089688638250
93516	0.514375164707329	0	0	60.6141902284560
93517	0.517493757939722	0	0	60.6194114179794
93518	0.518709346910618	0	0	60.6246324362089
93519	0.507641421841860	0	0	60.6298532869351
93520	0.520155568376468	0	0	60.6350739739250
93521	0.517298213073209	0	0	60.6402945009226
93522	0.506492750697700	0	0	60.6455148716489
93523	0.510636627878991	0	0	60.6507350898018
93524	0.519362008251537	0	0	60.6559551590568
93525	0.514824555691927	0	0	60.6611750830665
93526	0.512637804990878	0	0	60.6663948654611
93527	0.506632527266640	0	0	60.6716145098487
93528	0.507739961247062	0	0	60.6768340198149
93529	0.510950552622946	0	0	60.6820533989235
93530	0.511693660236443	0	0	60.6872726507162
93531	0.514676845432133	0	0	60.6924917787132
93532	0.505981300307811	0	0	60.6977107864127
93533	0.511811657690013	0	0	60.7029296772918
93534	0.511856788499007	0	0	60.7081484548058
93535	0.513124868696138	0	0	60.7133671223892
93536	0.515333102820312	0	0	60.7185856834551
93537	0.518671827763394	0	0	60.7238041413958
93538	0.518829720147878	0	0	60.7290224995825
93539	0.518140407307064	0	0	60.7342407613661
93540	0.517151384403326	0	0	60.7394589300765
93541	0.526613955694917	0	0	60.7446770090235
93542	0.505638676428950	0	0	60.7498950014963
93543	0.515067423466468	0	0	60.7551129107641
93544	0.511534782739243	0	0	60.7603307400758
93545	0.514447804441952	0	0	60.7655484926605
93546	0.507819370479091	0	0	60.7707661717276
93547	0.508289980665404	0	0	60.7759837804665
93548	0.517635949997542	0	0	60.7812013220472
93549	0.515641229117798	0	0	60.7864187996203
93550	0.518587254097888	0	0	60.7916362163168
93551	0.526420280764347	0	0	60.7968535752488
93552	0.518727727497446	0	0	60.8020708795091
93553	0.514595042894442	0	0	60.8072881321715
93554	0.512344298333440	0	0	60.8125053362911
93555	0.514930521718096	0	0	60.8177224949041
93556	0.513540299591974	0	0	60.8229396110282
93557	0.507822117832479	0	0	60.8281566876625
93558	0.514161538209553	0	0	60.8333737277877
93559	0.514517540082668	0	0	60.8385907343662
93560	0.513738623967800	0	0	60.8438077103423
93561	0.520475888461334	0	0	60.8490246586422
93562	0.515002918347632	0	0	60.8542415821742
93563	0.511713678521341	0	0	60.8594584838287
93564	0.506293049999996	0	0	60.8646753664783
93565	0.516298907109915	0	0	60.8698922329783
93566	0.517768559552994	0	0	60.8751090861662
93567	0.511848706914561	0	0	60.8803259288621
93568	0.522477514386014	0	0	60.8855427638691
93569	0.516381244090670	0	0	60.8907595939727
93570	0.515890366805814	0	0	60.8959764219417
93571	0.512414098258717	0	0	60.9011932505278
93572	0.517585569030059	0	0	60.9064100824657
93573	0.523143862381524	0	0	60.9116269204736
93574	0.516944663644936	0	0	60.9168437672529
93575	0.520055750857695	0	0	60.9220606254884
93576	0.515851440124685	0	0	60.9272774978486
93577	0.516188264797443	0	0	60.9324943869855
93578	0.518864497763279	0	0	60.9377112955350
93579	0.513059846207539	0	0	60.9429282261168
93580	0.514517425235073	0	0	60.9481451813345
93581	0.512269164827029	0	0	60.9533621637759
93582	0.514848935284314	0	0	60.9585791760128
93583	0.515789951327385	0	0	60.9637962206013
93584	0.516438950834338	0	0	60.9690133000819
93585	0.517793984824476	0	0	60.9742304169796
93586	0.510652199789091	0	0	60.9794475738039
93587	0.518389091718700	0	0	60.9846647730488
93588	0.528009712365984	0	0	60.9898820171932
93589	0.519468729125847	0	0	60.9950993087008
93590	0.521883039995837	0	0	61.0003166500203
93591	0.514304233834485	0	0	61.0055340435853
93592	0.513620553887938	0	0	61.0107514918145
93593	0.519888178142741	0	0	61.0159689971119
93594	0.515712424847683	0	0	61.0211865618668
93595	0.517578979912676	0	0	61.0264041884538
93596	0.521803085834777	0	0	61.0316218792332
93597	0.519169351085126	0	0	61.0368396365505
93598	0.510762505406978	0	0	61.0420574627371
93599	0.523893600166957	0	0	61.0472753601103
93600	0.520055547856110	0	0	61.0524933309729
93601	0.508086969064758	0	0	61.0577113776138
93602	0.519819918431846	0	0	61.0629295023079
93603	0.518692827602639	0	0	61.0681477073163
93604	0.521687826153514	0	0	61.0733659948861
93605	0.523025711342305	0	0	61.0785843672508
93606	0.518316488884720	0	0	61.0838028266302
93607	0.513631882786278	0	0	61.0890213752306
93608	0.528447978031972	0	0	61.0942400152447
93609	0.516585709160565	0	0	61.0994587488520
93610	0.507534690668299	0	0	61.1046775782186
93611	0.513333670999727	0	0	61.1098965054973
93612	0.518312821971027	0	0	61.1151155328278
93613	0.512361187987692	0	0	61.1203346623370
93614	0.530469127978554	0	0	61.1255538961383
93615	0.517715726588852	0	0	61.1307732363328
93616	0.517546206644125	0	0	61.1359926850082
93617	0.521279138733367	0	0	61.1412122442399
93618	0.523223420947716	0	0	61.1464319160905
93619	0.524554705714149	0	0	61.1516517026100
93620	0.526674826291135	0	0	61.1568716058358
93621	0.513679579178571	0	0	61.1620916277931
93622	0.529431304799607	0	0	61.1673117704946
93623	0.520556438328639	0	0	61.1725320359407
93624	0.517770994794154	0	0	61.1777524261198
93625	0.526280534238579	0	0	61.1829729430079
93626	0.526089901067895	0	0	61.1881935885692
93627	0.520641922603963	0	0	61.1934143647559
93628	0.516957729201435	0	0	61.1986352735081
93629	0.521730475428113	0	0	61.2038563167544
93630	0.516596393166922	0	0	61.2090774964113
93631	0.520262217717791	0	0	61.2142988143839
93632	0.525410579118984	0	0	61.2195202725657
93633	0.512259949048511	0	0	61.2247418728384
93634	0.513650056664773	0	0	61.2299636170726
93635	0.529949212317485	0	0	61.2351855071272
93636	0.523216297790128	0	0	61.2404075448499
93637	0.527340458857519	0	0	61.2456297320774
93638	0.517423308765329	0	0	61.2508520706347
93639	0.513864910812252	0	0	61.2560745623363
93640	0.516939297279801	0	0	61.2612972089851
93641	0.522037504943100	0	0	61.2665200123734
93642	0.521903032655891	0	0	61.2717429742825
93643	0.524846630802877	0	0	61.2769660964829
93644	0.523242307444910	0	0	61.2821893807343
93645	0.527948420150986	0	0	61.2874128287856
93646	0.515543541734194	0	0	61.2926364423752
93647	0.514809444393745	0	0	61.2978602232309
93648	0.521076908833348	0	0	61.3030841730700
93649	0.521071033231972	0	0	61.3083082935995
93650	0.521239438800967	0	0	61.3135325865157
93651	0.520554352110031	0	0	61.3187570535049
93652	0.517772976885063	0	0	61.3239816962431
93653	0.517385422131140	0	0	61.3292065163960
93654	0.518034690142483	0	0	61.3344315156192
93655	0.527301756050380	0	0	61.3396566955584
93656	0.521486210270117	0	0	61.3448820578492
93657	0.520765966834748	0	0	61.3501076041173
93658	0.516796345731692	0	0	61.3553333359786
93659	0.525332952342152	0	0	61.3605592550389
93660	0.515585856121066	0	0	61.3657853628947
93661	0.526066173489613	0	0	61.3710116611326
93662	0.518902783733298	0	0	61.3762381513294
93663	0.521176770522726	0	0	61.3814648350526
93664	0.518992341788664	0	0	61.3866917138602
93665	0.520922632013430	0	0	61.3919187893006
93666	0.514844118890087	0	0	61.3971460629128
93667	0.532620788689204	0	0	61.4023735362267
93668	0.521607177193978	0	0	61.4076012107627
93669	0.520899844387534	0	0	61.4128290880321
93670	0.519827131560747	0	0	61.4180571695370
93671	0.527086620560834	0	0	61.4232854567704
93672	0.530473543159005	0	0	61.4285139512164
93673	0.524115409940290	0	0	61.4337426543498
93674	0.525989937251468	0	0	61.4389715676369
93675	0.524196339116655	0	0	61.4442006925347
93676	0.531485893393219	0	0	61.4494300304917
93677	0.522068538995861	0	0	61.4546595829475
93678	0.525123368277973	0	0	61.4598893513329
93679	0.510305794740958	0	0	61.4651193370702
93680	0.527514421234314	0	0	61.4703495415732
93681	0.522002494568009	0	0	61.4755799662468
93682	0.527621803436999	0	0	61.4808106124877
93683	0.524308275990541	0	0	61.4860414816840
93684	0.529605380008449	0	0	61.4912725752156
93685	0.529909899816640	0	0	61.4965038944538
93686	0.517386762195909	0	0	61.5017354407618
93687	0.524449287897165	0	0	61.5069672154946
93688	0.526174924273993	0	0	61.5121992199989
93689	0.522212361912732	0	0	61.5174314556132
93690	0.528387814696515	0	0	61.5226639236682
93691	0.525137875549281	0	0	61.5278966254862
93692	0.521754466953955	0	0	61.5331295623819
93693	0.518245192839772	0	0	61.5383627356617
93694	0.530613707173600	0	0	61.5435961466245
93695	0.526175871691603	0	0	61.5488297965610
93696	0.518563927027375	0	0	61.5540636867543
93697	0.523723849047751	0	0	61.5592978184798
93698	0.529755630778861	0	0	61.5645321930052
93699	0.526694390604770	0	0	61.5697668115904
93700	0.525568131461379	0	0	61.5750016754879
93701	0.514833369790619	0	0	61.5802367859425
93702	0.531776423619891	0	0	61.5854721441917
93703	0.527595716127515	0	0	61.5907077514653
93704	0.525997298553578	0	0	61.5959436089860
93705	0.527982172077380	0	0	61.6011797179687
93706	0.525418861760863	0	0	61.6064160796215
93707	0.520548547140480	0	0	61.6116526951448
93708	0.519767307921162	0	0	61.6168895657320
93709	0.526170696097647	0	0	61.6221266925693
93710	0.521466091866403	0	0	61.6273640768358
93711	0.529132777702208	0	0	61.6326017197034
93712	0.530963545751908	0	0	61.6378396223369
93713	0.522841775151532	0	0	61.6430777858944
93714	0.525257987046594	0	0	61.6483162115267
93715	0.531764168911555	0	0	61.6535549003779
93716	0.524113829319693	0	0	61.6587938535851
93717	0.536250616331436	0	0	61.6640330722787
93718	0.521494395547559	0	0	61.6692725575822
93719	0.526834956111512	0	0	61.6745123106124
93720	0.521861372486463	0	0	61.6797523324795
93721	0.526782302489593	0	0	61.6849926242867
93722	0.518830708050835	0	0	61.6902331871310
93723	0.519296021549980	0	0	61.6954740221026
93724	0.525435306807177	0	0	61.7007151302853
93725	0.523767697407374	0	0	61.7059565127560
93726	0.529867152630650	0	0	61.7111981705857
93727	0.526680486534458	0	0	61.7164401048387
93728	0.534439683263974	0	0	61.7216823165729
93729	0.529042377493384	0	0	61.7269248068399
93730	0.531482263092450	0	0	61.7321675766851
93731	0.526732174817343	0	0	61.7374106271474
93732	0.526158398760224	0	0	61.7426539592598
93733	0.522442399015733	0	0	61.7478975740489
93734	0.521293332080015	0	0	61.7531414725351
93735	0.525321849682538	0	0	61.7583856557330
93736	0.533073286958079	0	0	61.7636301246509
93737	0.529210692704216	0	0	61.7688748802910
93738	0.517860227519336	0	0	61.7741199236497
93739	0.532921166365139	0	0	61.7793652557173
93740	0.532848174048990	0	0	61.7846108774784
93741	0.526921768997650	0	0	61.7898567899115
93742	0.530104098467241	0	0	61.7951029939893
93743	0.525781639971815	0	0	61.8003494906787
93744	0.528922648111364	0	0	61.8055962809408
93745	0.523936123302787	0	0	61.8108433657312
93746	0.525972211018519	0	0	61.8160907459995
93747	0.535497426013278	0	0	61.8213384226897
93748	0.534336853295753	0	0	61.8265863967403
93749	0.532689517661489	0	0	61.8318346690841
93750	0.535481962249116	0	0	61.8370832406483
93751	0.525743319824601	0	0	61.8423321123548
93752	0.529240992007418	0	0	61.8475812851197
93753	0.524351107281491	0	0	61.8528307598538
93754	0.530927711633706	0	0	61.8580805374626
93755	0.528780557521963	0	0	61.8633306188460
93756	0.526075418942218	0	0	61.8685810048986
93757	0.532421136712287	0	0	61.8738316965097
93758	0.525865489605756	0	0	61.8790826945634
93759	0.530655399693462	0	0	61.8843339999384
93760	0.527216332472425	0	0	61.8895856135082
93761	0.528639566588896	0	0	61.8948375361412
93762	0.526479674199206	0	0	61.9000897687006
93763	0.520902546988110	0	0	61.9053423120444
93764	0.534532302219876	0	0	61.9105951670256
93765	0.533250457733973	0	0	61.9158483344921
93766	0.534096294601352	0	0	61.9211018152868
93767	0.528631066615912	0	0	61.9263556102476
93768	0.525456590587329	0	0	61.9316097202072
93769	0.523766466515293	0	0	61.9368641459938
93770	0.527024842782207	0	0	61.9421188884304
93771	0.533754036176318	0	0	61.9473739483350
93772	0.524748463054936	0	0	61.9526293265212
93773	0.530638227270629	0	0	61.9578850237973
93774	0.528545075406196	0	0	61.9631410409671
93775	0.545667292160904	0	0	61.9683973788297
93776	0.529729286551681	0	0	61.9736540381791
93777	0.531029321729028	0	0	61.9789110198050
93778	0.539878421252490	0	0	61.9841683244922
93779	0.527477190478952	0	0	61.9894259530210
93780	0.539014195094713	0	0	61.9946839061671
93781	0.521389285111732	0	0	61.9999421847013
93782	0.537070579519690	0	0	62.0052007893903
93783	0.531205116084202	0	0	62.0104597209960
93784	0.532640745613519	0	0	62.0157189802758
93785	0.529234771321834	0	0	62.0209785679828
93786	0.522131289046854	0	0	62.0262384848655
93787	0.530776765967111	0	0	62.0314987316681
93788	0.513941990303105	0	0	62.0367593091302
93789	0.532562404658752	0	0	62.0420202179874
93790	0.532897831310230	0	0	62.0472814589706
93791	0.528550986920487	0	0	62.0525430328066
93792	0.530187747193788	0	0	62.0578049402179
93793	0.530783363914327	0	0	62.0630671819227
93794	0.525523864996682	0	0	62.0683297586351
93795	0.529279988980131	0	0	62.0735926710647
93796	0.533644822701104	0	0	62.0788559199173
93797	0.538028368844341	0	0	62.0841195058943
93798	0.525205796175869	0	0	62.0893834296931
93799	0.527518943740555	0	0	62.0946476920070
93800	0.538817331724172	0	0	62.0999122935251
93801	0.533041845966826	0	0	62.1051772349325
93802	0.535543955366994	0	0	62.1104425169105
93803	0.533609477570643	0	0	62.1157081401361
93804	0.528357364766692	0	0	62.1209741052826
93805	0.525491481014787	0	0	62.1262404130190
93806	0.528792838363946	0	0	62.1315070640108
93807	0.532613817473586	0	0	62.1367740589193
93808	0.527097649433660	0	0	62.1420413984020
93809	0.527884595239526	0	0	62.1473090831127
93810	0.543743147348845	0	0	62.1525771137011
93811	0.533158869321655	0	0	62.1578454908134
93812	0.526435656305601	0	0	62.1631142150918
93813	0.525060583040996	0	0	62.1683832871748
93814	0.521890450321414	0	0	62.1736527076973
93815	0.532739216006323	0	0	62.1789224772902
93816	0.524708800517702	0	0	62.1841925965811
93817	0.533721906793534	0	0	62.1894630661936
93818	0.530293550333777	0	0	62.1947338867480
93819	0.529444433870617	0	0	62.2000050588605
93820	0.528665336761166	0	0	62.2052765831442
93821	0.534923635753819	0	0	62.2105484602084
93822	0.532427166596970	0	0	62.2158206906588
93823	0.528583287250512	0	0	62.2210932750977
93824	0.530398901443346	0	0	62.2263662141238
93825	0.529620425117717	0	0	62.2316395083325
93826	0.529385453720636	0	0	62.2369131583154
93827	0.519218623980863	0	0	62.2421871646611
93828	0.535213701038230	0	0	62.2474615279543
93829	0.531416771732143	0	0	62.2527362487767
93830	0.533721723223996	0	0	62.2580113277064
93831	0.530723335544755	0	0	62.2632867653182
93832	0.535316316296685	0	0	62.2685625621836
93833	0.537128668050296	0	0	62.2738387188709
93834	0.529881972226414	0	0	62.2791152359448
93835	0.532045687302134	0	0	62.2843921139669
93836	0.524629700519715	0	0	62.2896693534957
93837	0.523753368350277	0	0	62.2949469550862
93838	0.522349474347801	0	0	62.3002249192904
93839	0.530021723391356	0	0	62.3055032466569
93840	0.539828183921470	0	0	62.3107819377313
93841	0.532494482628753	0	0	62.3160609930560
93842	0.530183105542056	0	0	62.3213404131703
93843	0.528093278294655	0	0	62.3266201986103
93844	0.536354497522459	0	0	62.3319003499090
93845	0.533077789143560	0	0	62.3371808675965
93846	0.532832233805531	0	0	62.3424617521996
93847	0.531722649348455	0	0	62.3477430042423
93848	0.534341825760246	0	0	62.3530246242454
93849	0.533661702097737	0	0	62.3583066127268
93850	0.524462060284770	0	0	62.3635889702014
93851	0.531151461181211	0	0	62.3688716971811
93852	0.532755422222767	0	0	62.3741547941749
93853	0.533848463159640	0	0	62.3794382616889
93854	0.534448861780151	0	0	62.3847221002262
93855	0.530349434011566	0	0	62.3900063102871
93856	0.528907467193581	0	0	62.3952908923690
93857	0.536927372026670	0	0	62.4005758469664
93858	0.526198938855876	0	0	62.4058611745711
93859	0.529648833157949	0	0	62.4111468756719
93860	0.537717103916541	0	0	62.4164329507550
93861	0.529314284434599	0	0	62.4217194003035
93862	0.527457125566446	0	0	62.4270062247982
93863	0.532424492716984	0	0	62.4322934247168
93864	0.526604906367645	0	0	62.4375810005343
93865	0.534272092380329	0	0	62.4428689527231
93866	0.534962956711574	0	0	62.4481572817529
93867	0.541145672752450	0	0	62.4534459880907
93868	0.535591103789976	0	0	62.4587350722007
93869	0.535028792493292	0	0	62.4640245345446
93870	0.535503840066933	0	0	62.4693143755815
93871	0.533196573405635	0	0	62.4746045957677
93872	0.535036548523279	0	0	62.4798951955572
93873	0.544009315743746	0	0	62.4851861754011
93874	0.541595903150149	0	0	62.4904775357482
93875	0.531766005771652	0	0	62.4957692770445
93876	0.532067697444321	0	0	62.5010613997336
93877	0.538801258099841	0	0	62.5063539042567
93878	0.529009492240670	0	0	62.5116467910523
93879	0.535468861814159	0	0	62.5169400605564
93880	0.531995093069167	0	0	62.5222337132028
93881	0.540636555780156	0	0	62.5275277494225
93882	0.538702542104296	0	0	62.5328221696443
93883	0.529047997146460	0	0	62.5381169742944
93884	0.541580580571691	0	0	62.5434121637968
93885	0.536016432775417	0	0	62.5487077385730
93886	0.540617668489369	0	0	62.5540036990420
93887	0.531972842297785	0	0	62.5593000456206
93888	0.535894982880048	0	0	62.5645967787232
93889	0.528944636766415	0	0	62.5698938987618
93890	0.536202129378051	0	0	62.5751914061462
93891	0.529720166202297	0	0	62.5804893012837
93892	0.533557507035568	0	0	62.5857875845796
93893	0.538117395732807	0	0	62.5910862564367
93894	0.532270746708143	0	0	62.5963853172555
93895	0.536467606234981	0	0	62.6016847674345
93896	0.546263099315233	0	0	62.6069846073696
93897	0.524193721069943	0	0	62.6122848374549
93898	0.540620612106770	0	0	62.6175854580819
93899	0.540193736179458	0	0	62.6228864696401
93900	0.538063611597903	0	0	62.6281878725168
93901	0.536704768991539	0	0	62.6334896670972
93902	0.542714178419503	0	0	62.6387918537642
93903	0.539848323076751	0	0	62.6440944328987
93904	0.532451608712825	0	0	62.6493974048793
93905	0.535969191994403	0	0	62.6547007700826
93906	0.535550556006897	0	0	62.6600045288832
93907	0.541536889914967	0	0	62.6653086816535
93908	0.532988352406091	0	0	62.6706132287636
93909	0.543161708745344	0	0	62.6759181705820
93910	0.535687825170871	0	0	62.6812235074748
93911	0.531507866071297	0	0	62.6865292398063
93912	0.538637361359221	0	0	62.6918353679385
93913	0.535118960621711	0	0	62.6971418922316
93914	0.537979035686613	0	0	62.7024488130437
93915	0.537883195534852	0	0	62.7077561307311
93916	0.535470955777563	0	0	62.7130638456478
93917	0.531826922324552	0	0	62.7183719581461
93918	0.534105091654673	0	0	62.7236804685763
93919	0.536633856954377	0	0	62.7289893772866
93920	0.538567254819714	0	0	62.7342986846236
93921	0.523618412213636	0	0	62.7396083909317
93922	0.533726799859996	0	0	62.7449184965535
93923	0.541773304824116	0	0	62.7502290018297
93924	0.534894674717707	0	0	62.7555399070991
93925	0.540122948064297	0	0	62.7608512126987
93926	0.536544844082771	0	0	62.7661629189636
93927	0.531371642051627	0	0	62.7714750262270
93928	0.533643958492226	0	0	62.7767875348204
93929	0.548664462360594	0	0	62.7821004450734
93930	0.537628712688474	0	0	62.7874137573138
93931	0.534984028655523	0	0	62.7927274718675
93932	0.537911496243618	0	0	62.7980415890589
93933	0.547576974268075	0	0	62.8033561092103
93934	0.541199839248614	0	0	62.8086710326424
93935	0.539164495364783	0	0	62.8139863596741
93936	0.537405200830693	0	0	62.8193020906227
93937	0.531957811575496	0	0	62.8246182258036
93938	0.531626735859782	0	0	62.8299347655304
93939	0.531940003650493	0	0	62.8352517101153
93940	0.540154949288822	0	0	62.8405690598685
93941	0.541062554242120	0	0	62.8458868150987
93942	0.541946466818248	0	0	62.8512049761128
93943	0.542209285855579	0	0	62.8565235432161
93944	0.535031485944166	0	0	62.8618425167122
93945	0.531025485894944	0	0	62.8671618969031
93946	0.541575020544919	0	0	62.8724816840892
93947	0.539626237834567	0	0	62.8778018785692
93948	0.533443048127087	0	0	62.8831224806401
93949	0.535932470863065	0	0	62.8884434905975
93950	0.548542869611775	0	0	62.8937649087352
93951	0.541988804046986	0	0	62.8990867353456
93952	0.538468995346914	0	0	62.9044089707194
93953	0.536594974355848	0	0	62.9097316151457
93954	0.537497304649577	0	0	62.9150546689123
93955	0.540167229622562	0	0	62.9203781323050
93956	0.544831038859045	0	0	62.9257020056085
93957	0.538467822754515	0	0	62.9310262891057
93958	0.541127337019669	0	0	62.9363509830782
93959	0.539798504303210	0	0	62.9416760878058
93960	0.533007444149618	0	0	62.9470016035672
93961	0.544672460514248	0	0	62.9523275306391
93962	0.545698771729575	0	0	62.9576538692972
93963	0.550098082287339	0	0	62.9629806198154
93964	0.540981767147660	0	0	62.9683077824663
93965	0.542610277243140	0	0	62.9736353575210
93966	0.537394963330312	0	0	62.9789633452492
93967	0.534794324978749	0	0	62.9842917459191
93968	0.543564816007854	0	0	62.9896205597976
93969	0.524266089527106	0	0	62.9949497871498
93970	0.542841812903126	0	0	63.0002794282400
93971	0.542774500495281	0	0	63.0056094833305
93972	0.544725001128570	0	0	63.0109399526827
93973	0.543689780083042	0	0	63.0162708365563
93974	0.543427554910512	0	0	63.0216021352096
93975	0.536660647631597	0	0	63.0269338488999
93976	0.540712331402174	0	0	63.0322659778827
93977	0.540939615788038	0	0	63.0375985224125
93978	0.535613513156603	0	0	63.0429314827422
93979	0.539630488324914	0	0	63.0482648591235
93980	0.540043963828036	0	0	63.0535986518067
93981	0.550274599538574	0	0	63.0589328610410
93982	0.537106268758055	0	0	63.0642674870740
93983	0.538522381933126	0	0	63.0696025301522
93984	0.544889490921375	0	0	63.0749379905207
93985	0.536481207332212	0	0	63.0802738684234
93986	0.545225910519081	0	0	63.0856101641028
93987	0.539957716060612	0	0	63.0909468778002