18173	0.404508416210154	0	0	39.7254777422524
18174	0.406895926100268	0	0	39.7926017266490
18175	0.401023550519620	0	0	39.8593726640989
18176	0.408858320510719	0	0	39.9257924110098
18177	0.406622582841493	0	0	39.9918628140276
18178	0.415474446303637	0	0	40.0575857100883
18179	0.408770672555002	0	0	40.1229629264688
18180	0.405882213757070	0	0	40.1879962808377
18181	0.403316594242282	0	0	40.2526875813057
18182	0.395563989117847	0	0	40.3170386264764
18183	0.409770850439251	0	0	40.3810512054955
18184	0.408171278408903	0	0	40.4447270981011
18185	0.409336710524737	0	0	40.5080680746732
18186	0.401163683595555	0	0	40.5710758962822
18187	0.412318916995212	0	0	40.6337523147389
18188	0.407475672287632	0	0	40.6960990726423
18189	0.413323968819971	0	0	40.7581179034286
18190	0.406585141884481	0	0	40.8198105314190
18191	0.408975969728594	0	0	40.8811786718678
18192	0.415224411339868	0	0	40.9422240310103
18193	0.411983719132017	0	0	41.0029483061097
18194	0.411657843628827	0	0	41.0633531855048
18195	0.417956217310186	0	0	41.1234403486565
18196	0.408813530504167	0	0	41.1832114661950
18197	0.411989138559694	0	0	41.2426681999654
18198	0.416112043761509	0	0	41.3018122030750
18199	0.418178050130740	0	0	41.3606451199382
18200	0.414315016427862	0	0	41.4191685863229
18201	0.424303892319744	0	0	41.4773842293956
18202	0.405860150207351	0	0	41.5352936677670
18203	0.409164787517380	0	0	41.5928985115364
18204	0.412290778731957	0	0	41.6502003623371
18205	0.411070978801975	0	0	41.7072008133804
18206	0.416053447736827	0	0	41.7639014495003
18207	0.405467208301698	0	0	41.8203038471972
18208	0.414620416820022	0	0	41.8764095746820
18209	0.418924472662094	0	0	41.9322201919194
18210	0.410875692948526	0	0	41.9877372506716
18211	0.412971290078054	0	0	42.0429622945411
18212	0.406719549093860	0	0	42.0978968590138
18213	0.409112713147816	0	0	42.1525424715018
18214	0.415538995344514	0	0	42.2069006513855
18215	0.421050168041410	0	0	42.2609729100560
18216	0.419721841526440	0	0	42.3147607509574
18217	0.415960813532087	0	0	42.3682656696280
18218	0.413259773208931	0	0	42.4214891537423
18219	0.410533232437730	0	0	42.4744326831525
18220	0.418931545946013	0	0	42.5270977299289
18221	0.419445316234499	0	0	42.5794857584017
18222	0.413177211606687	0	0	42.6315982252010
18223	0.415508678758593	0	0	42.6834365792979
18224	0.418852703518067	0	0	42.7350022620442
18225	0.414152565307899	0	0	42.7862967072127
18226	0.412800103783059	0	0	42.8373213410373
18227	0.416858350560106	0	0	42.8880775822522
18228	0.417371245248881	0	0	42.9385668421316
18229	0.425451504900695	0	0	42.9887905245290
18230	0.419729002353308	0	0	43.0387500259159
18231	0.420081614967813	0	0	43.0884467354209
18232	0.430238849254577	0	0	43.1378820348683
18233	0.418787736414625	0	0	43.1870572988162
18234	0.418267451227832	0	0	43.2359738945953
18235	0.414471429984456	0	0	43.2846331823462
18236	0.419340492853462	0	0	43.3330365150576
18237	0.417734940078014	0	0	43.3811852386041
18238	0.417203139536036	0	0	43.4290806917831
18239	0.423195978535379	0	0	43.4767242063523
18240	0.413712978348180	0	0	43.5241171070669
18241	0.407705722568716	0	0	43.5712607117159
18242	0.426276665449949	0	0	43.6181563311594
18243	0.426659278112118	0	0	43.6648052693643
18244	0.422849525159446	0	0	43.7112088234412
18245	0.413188599247514	0	0	43.7573682836801
18246	0.419874334765563	0	0	43.8032849335863
18247	0.430945488998305	0	0	43.8489600499161
18248	0.425672513720475	0	0	43.8943949027124
18249	0.420321519436580	0	0	43.9395907553398
18250	0.419478773438767	0	0	43.9845488645198
18251	0.420015855812601	0	0	44.0292704803659
18252	0.420044398678101	0	0	44.0737568464180
18253	0.417930694257858	0	0	44.1180091996774
18254	0.432671486899574	0	0	44.1620287706408
18255	0.427574901713854	0	0	44.2058167833345
18256	0.424949181149161	0	0	44.2493744553489
18257	0.431590093449032	0	0	44.2927029978717
18258	0.417820343848273	0	0	44.3358036157221
18259	0.422764533089927	0	0	44.3786775073840
18260	0.422512998246730	0	0	44.4213258650393
18261	0.419423698099368	0	0	44.4637498746012
18262	0.426086279772927	0	0	44.5059507157470
18263	0.424219176641741	0	0	44.5479295619511
18264	0.431843714581538	0	0	44.5896875805174
18265	0.426508992124977	0	0	44.6312259326117
18266	0.421243802647040	0	0	44.6725457732943
18267	0.432438297768103	0	0	44.7136482515520
18268	0.429468506173062	0	0	44.7545345103296
18269	0.430276794951770	0	0	44.7952056865622
18270	0.428607612940098	0	0	44.8356629112068
18271	0.425456454614320	0	0	44.8759073092732
18272	0.418971051418042	0	0	44.9159399998559
18273	0.430467053666929	0	0	44.9557620961648
18274	0.429706491830115	0	0	44.9953747055562
18275	0.432299050405325	0	0	45.0347789295639
18276	0.420967546102453	0	0	45.0739758639293
18277	0.425327730510853	0	0	45.1129665986322
18278	0.432692359256080	0	0	45.1517522179211
18279	0.429886781463806	0	0	45.1903338003433
18280	0.431961970147256	0	0	45.2287124187746
18281	0.423209788785360	0	0	45.2668891404495
18282	0.430781633512894	0	0	45.3048650269908
18283	0.429990142429514	0	0	45.3426411344388
18284	0.432922526727773	0	0	45.3802185132812
18285	0.416369495747189	0	0	45.4175982084816
18286	0.423473380144156	0	0	45.4547812595093
18287	0.435216747057155	0	0	45.4917687003675
18288	0.433372930904794	0	0	45.5285615596226
18289	0.421766575332669	0	0	45.5651608604324
18290	0.425333129469499	0	0	45.6015676205747
18291	0.418054442981030	0	0	45.6377828524757
18292	0.429349750996154	0	0	45.6738075632377
18293	0.429681617567905	0	0	45.7096427546679
18294	0.426279828170467	0	0	45.7452894233052
18295	0.427927972405742	0	0	45.7807485604490
18296	0.428889917244626	0	0	45.8160211521857
18297	0.422490833155838	0	0	45.8511081794170
18298	0.421714349041518	0	0	45.8860106178866
18299	0.433149172206967	0	0	45.9207294382075
18300	0.431952094291041	0	0	45.9552656058890
18301	0.434913735379701	0	0	45.9896200813636
18302	0.434675320658797	0	0	46.0237938200134
18303	0.429384882310561	0	0	46.0577877721971
18304	0.430692064607135	0	0	46.0916028832761
18305	0.424256050351671	0	0	46.1252400936407
18306	0.429353303959254	0	0	46.1587003387367
18307	0.429867390347852	0	0	46.1919845490909
18308	0.429263941995694	0	0	46.2250936503371
18309	0.424504439274047	0	0	46.2580285632420
18310	0.425013625231184	0	0	46.2907902037308
18311	0.426464605062426	0	0	46.3233794829123
18312	0.433041856273038	0	0	46.3557973071045
18313	0.430920014805627	0	0	46.3880445778600
18314	0.432637570583638	0	0	46.4201221919905
18315	0.427895350602367	0	0	46.4520310415923
18316	0.428579812087657	0	0	46.4837720140707
18317	0.422562144378003	0	0	46.5153459921648
18318	0.441056446932074	0	0	46.5467538539721
18319	0.430218056981056	0	0	46.5779964729728
18320	0.422493137252901	0	0	46.6090747180542
18321	0.431219030459879	0	0	46.6399894535346
18322	0.436383987694473	0	0	46.6707415391879
18323	0.428919117470482	0	0	46.7013318302665
18324	0.431631255974809	0	0	46.7317611775262
18325	0.435357276736878	0	0	46.7620304272491
18326	0.435315340693422	0	0	46.7921404212674
18327	0.436623963598149	0	0	46.8220919969865
18328	0.426227130691342	0	0	46.8518859874089
18329	0.440413663316699	0	0	46.8815232211568
18330	0.441002989640289	0	0	46.9110045224952
18331	0.436689372864317	0	0	46.9403307113549
18332	0.433101766672720	0	0	46.9695026033557
18333	0.429373932428291	0	0	46.9985210098281
18334	0.432784860423084	0	0	47.0273867378367
18335	0.432800032520828	0	0	47.0561005902026
18336	0.435634690378994	0	0	47.0846633655250
18337	0.440723171376816	0	0	47.1130758582041
18338	0.441218701758591	0	0	47.1413388584631
18339	0.440334181674481	0	0	47.1694531523697
18340	0.437156598373757	0	0	47.1974195218585
18341	0.437417790413624	0	0	47.2252387447524
18342	0.436260981567337	0	0	47.2529115947842
18343	0.438167563386530	0	0	47.2804388416186
18344	0.431257303276913	0	0	47.3078212508728
18345	0.439752596768455	0	0	47.3350595841383
18346	0.437474017570935	0	0	47.3621545990022
18347	0.427635496989932	0	0	47.3891070490678
18348	0.434858669225813	0	0	47.4159176839758
18349	0.439187132530163	0	0	47.4425872494251
18350	0.437430877146185	0	0	47.4691164871935
18351	0.440258969512072	0	0	47.4955061351586
18352	0.439819132277684	0	0	47.5217569273177
18353	0.442540505482394	0	0	47.5478695938087
18354	0.441238326800565	0	0	47.5738448609304
18355	0.435646538607945	0	0	47.5996834511624
18356	0.445567462841612	0	0	47.6253860831854
18357	0.438463773556850	0	0	47.6509534719009
18358	0.437577850208884	0	0	47.6763863284515
18359	0.435240058782927	0	0	47.7016853602404
18360	0.444696513227085	0	0	47.7268512709510
18361	0.436977055823978	0	0	47.7518847605667
18362	0.445501796939406	0	0	47.7767865253901
18363	0.433031413421394	0	0	47.8015572580625
18364	0.440317407765670	0	0	47.8261976475831
18365	0.439371951998570	0	0	47.8507083793282
18366	0.439447499031000	0	0	47.8750901350703
18367	0.431823657256334	0	0	47.8993435929969
18368	0.436700672752549	0	0	47.9234694277293
18369	0.445163068829233	0	0	47.9474683103417
18370	0.451680970170485	0	0	47.9713409083795
18371	0.441286586439571	0	0	47.9950878858780
18372	0.431338747746518	0	0	48.0187099033809
18373	0.438835523027197	0	0	48.0422076179585
18374	0.441838055621493	0	0	48.0655816832261
18375	0.438060059563659	0	0	48.0888327493622
18376	0.452630729287955	0	0	48.1119614631264
18377	0.441753410756338	0	0	48.1349684678775
18378	0.447327323627330	0	0	48.1578544035914
18379	0.442956803044530	0	0	48.1806199068788
18380	0.443823187067523	0	0	48.2032656110030
18381	0.451254400870741	0	0	48.2257921458975
18382	0.436049510226392	0	0	48.2482001381833
18383	0.439236127523698	0	0	48.2704902111866
18384	0.436217664175147	0	0	48.2926629849559
18385	0.445733304921889	0	0	48.3147190762794
18386	0.445967578361796	0	0	48.3366590987021
18387	0.444673376408892	0	0	48.3584836625427
18388	0.448705241590602	0	0	48.3801933749109
18389	0.436011292832690	0	0	48.4017888397238
18390	0.447991977368054	0	0	48.4232706577232
18391	0.433713988146598	0	0	48.4446394264920
18392	0.445802681157369	0	0	48.4658957404708
18393	0.434499906679587	0	0	48.4870401909744
18394	0.445063593032965	0	0	48.5080733662086
18395	0.443867367729494	0	0	48.5289958512860
18396	0.449410556771756	0	0	48.5498082282426
18397	0.447124821023501	0	0	48.5705110760540
18398	0.452323032332703	0	0	48.5911049706514
18399	0.442173752424040	0	0	48.6115904849374
18400	0.435397897109336	0	0	48.6319681888025
18401	0.433998980813435	0	0	48.6522386491402
18402	0.453917254093349	0	0	48.6724024298634
18403	0.447125238120874	0	0	48.6924600919198
18404	0.447602405481241	0	0	48.7124121933072
18405	0.446211398405404	0	0	48.7322592890897
18406	0.438805141515237	0	0	48.7520019314125
18407	0.445783626943305	0	0	48.7716406695176
18408	0.442966457642148	0	0	48.7911760497589
18409	0.449271045708362	0	0	48.8106086156173
18410	0.443549537936241	0	0	48.8299389077163
18411	0.457296780226824	0	0	48.8491674638362
18412	0.440797113304757	0	0	48.8682948189300
18413	0.451884846561098	0	0	48.8873215051375
18414	0.451614641451689	0	0	48.9062480518003
18415	0.444328250950806	0	0	48.9250749854769
18416	0.461689780152574	0	0	48.9438028299567
18417	0.442689236456571	0	0	48.9624321062752
18418	0.445548659771087	0	0	48.9809633327279
18419	0.456367668188127	0	0	48.9993970248850
18420	0.453666073088454	0	0	49.0177336956060
18421	0.439855347854720	0	0	49.0359738550533
18422	0.452663315103676	0	0	49.0541180107070
18423	0.449824016159753	0	0	49.0721666673785
18424	0.450519289659755	0	0	49.0901203272250
18425	0.443963332045599	0	0	49.1079794897630
18426	0.441959242146829	0	0	49.1257446518828
18427	0.441062701907368	0	0	49.1434163078615
18428	0.440029259780912	0	0	49.1609949493775
18429	0.443566543931699	0	0	49.1784810655236
18430	0.440979989360364	0	0	49.1958751428209
18431	0.452222290572919	0	0	49.2131776652324
18432	0.451034237244512	0	0	49.2303891141761
18433	0.449663284894693	0	0	49.2475099685387
18434	0.442569377971062	0	0	49.2645407046887
18435	0.450496419766389	0	0	49.2814817964899
18436	0.438636534470741	0	0	49.2983337153143
18437	0.443307016010078	0	0	49.3150969300553
18438	0.452329350124409	0	0	49.3317719071407
18439	0.458200056451115	0	0	49.3483591105458
18440	0.447934213134667	0	0	49.3648590018063
18441	0.451378410263458	0	0	49.3812720400308
18442	0.458166231404594	0	0	49.3975986819138
18443	0.447535703453723	0	0	49.4138393817488
18444	0.444309326260230	0	0	49.4299945914399
18445	0.458616704611152	0	0	49.4460647605154
18446	0.450927480447048	0	0	49.4620503361398
18447	0.455637695479171	0	0	49.4779517631262
18448	0.450536383453934	0	0	49.4937694839488
18449	0.454711732820100	0	0	49.5095039387552
18450	0.452571560582389	0	0	49.5251555653785
18451	0.452841130848730	0	0	49.5407247993498
18452	0.438297053098327	0	0	49.5562120739098
18453	0.448085644477444	0	0	49.5716178200213
18454	0.448712704403485	0	0	49.5869424663808
18455	0.445704875570009	0	0	49.6021864394308
18456	0.449026927768520	0	0	49.6173501633714
18457	0.446135024794556	0	0	49.6324340601721
18458	0.447153259842230	0	0	49.6474385495836
18459	0.447920923323020	0	0	49.6623640491495
18460	0.448235119743401	0	0	49.6772109742178
18461	0.447684456040661	0	0	49.6919797379526
18462	0.443731295503155	0	0	49.7066707513453
18463	0.453967225674246	0	0	49.7212844232263
18464	0.443532006959547	0	0	49.7358211602763
18465	0.453816937480090	0	0	49.7502813670376
18466	0.450378228207990	0	0	49.7646654459253
18467	0.452481917785150	0	0	49.7789737972383
18468	0.448032699983727	0	0	49.7932068191709
18469	0.455068338735357	0	0	49.8073649078235
18470	0.456464546315278	0	0	49.8214484572137
18471	0.454856677117280	0	0	49.8354578592872
18472	0.452393745515461	0	0	49.8493935039290
18473	0.451627535806796	0	0	49.8632557789735
18474	0.452616509614697	0	0	49.8770450702164
18475	0.453086719091334	0	0	49.8907617614242
18476	0.450676489131168	0	0	49.9044062343459
18477	0.444475782071945	0	0	49.9179788687229
18478	0.456346831689244	0	0	49.9314800423000
18479	0.448447837899788	0	0	49.9449101308356
18480	0.453110034741336	0	0	49.9582695081123
18481	0.450393451205665	0	0	49.9715585459473
18482	0.455101025763451	0	0	49.9847776142028
18483	0.460662300961261	0	0	49.9979270807958
18484	0.442950136588296	0	0	50.0110073117092
18485	0.454118991834365	0	0	50.0240186710010
18486	0.452525464362935	0	0	50.0369615208152
18487	0.446211013384565	0	0	50.0498362213916
18488	0.451809336536122	0	0	50.0626431310755
18489	0.453736946052235	0	0	50.0753826063281
18490	0.462929876329343	0	0	50.0880550017362
18491	0.444592355251778	0	0	50.1006606700221
18492	0.460530235741319	0	0	50.1131999620535
18493	0.453990445457820	0	0	50.1256732268530
18494	0.457422901267704	0	0	50.1380808116081
18495	0.452344548298142	0	0	50.1504230616805
18496	0.450181318829433	0	0	50.1627003206160
18497	0.458055441731026	0	0	50.1749129301541
18498	0.456922177966395	0	0	50.1870612302372
18499	0.457643173877672	0	0	50.1991455590202
18500	0.454209891254633	0	0	50.2111662528798
18501	0.458822452435351	0	0	50.2231236464243
18502	0.453969872497326	0	0	50.2350180725022
18503	0.460655734005797	0	0	50.2468498622119
18504	0.455558494268338	0	0	50.2586193449108
18505	0.452253217415580	0	0	50.2703268482246
18506	0.448396559718086	0	0	50.2819726980560
18507	0.463968734816385	0	0	50.2935572185943
18508	0.459856423466454	0	0	50.3050807323239
18509	0.452578332594326	0	0	50.3165435600337
18510	0.455928159223562	0	0	50.3279460208256
18511	0.456330261575939	0	0	50.3392884321237
18512	0.450683846128513	0	0	50.3505711096832
18513	0.453506270957460	0	0	50.3617943675985
18514	0.448133857672321	0	0	50.3729585183129
18515	0.462650145302946	0	0	50.3840638726265
18516	0.460177880058491	0	0	50.3951107397053
18517	0.455738366401172	0	0	50.4060994270895
18518	0.453187988565682	0	0	50.4170302407023
18519	0.461643817529583	0	0	50.4279034848581
18520	0.446982614158765	0	0	50.4387194622715
18521	0.446760768301935	0	0	50.4494784740648
18522	0.453905171049884	0	0	50.4601808197775
18523	0.452030687011922	0	0	50.4708267973736
18524	0.462920764328086	0	0	50.4814167032506
18525	0.454203522455083	0	0	50.4919508322475
18526	0.448517272104162	0	0	50.5024294776526
18527	0.449633980700886	0	0	50.5128529312125
18528	0.451666878485095	0	0	50.5232214831394
18529	0.462207874071831	0	0	50.5335354221196
18530	0.442876439118983	0	0	50.5437950353213
18531	0.453179573548795	0	0	50.5540006084030
18532	0.453390485464199	0	0	50.5641524255208
18533	0.465143506377037	0	0	50.5742507693368
18534	0.467024753159448	0	0	50.5842959210268
18535	0.461045135227552	0	0	50.5942881602881
18536	0.460395717040090	0	0	50.6042277653472
18537	0.454907960805931	0	0	50.6141150129677
18538	0.452543411757998	0	0	50.6239501784579
18539	0.457351458335006	0	0	50.6337335356785
18540	0.461107007127444	0	0	50.6434653570500
18541	0.469638599381659	0	0	50.6531459135607
18542	0.458244924178279	0	0	50.6627754747738
18543	0.453886158249497	0	0	50.6723543088351
18544	0.454504543167294	0	0	50.6818826824804
18545	0.454890253396366	0	0	50.6913608610431
18546	0.460605265125476	0	0	50.7007891084612
18547	0.462023525555831	0	0	50.7101676872850
18548	0.460519206543713	0	0	50.7194968586841
18549	0.460371369321235	0	0	50.7287768824549
18550	0.458393840248577	0	0	50.7380080170278
18551	0.454768043740114	0	0	50.7471905194742
18552	0.459350510236105	0	0	50.7563246455137
18553	0.459697137697022	0	0	50.7654106495215
18554	0.454677820203290	0	0	50.7744487845350
18555	0.452042415186955	0	0	50.7834393022611
18556	0.456832492297140	0	0	50.7923824530833
18557	0.454205805311332	0	0	50.8012784860683
18558	0.455956653011548	0	0	50.8101276489735
18559	0.461930315630784	0	0	50.8189301882531
18560	0.454647866681556	0	0	50.8276863490657
18561	0.460403437554727	0	0	50.8363963752806
18562	0.472861611262600	0	0	50.8450605094850
18563	0.460170920039832	0	0	50.8536789929903
18564	0.455787475095602	0	0	50.8622520658391
18565	0.459531405141066	0	0	50.8707799668119
18566	0.451725262816669	0	0	50.8792629334334
18567	0.456115122426595	0	0	50.8877012019795
18568	0.458957150528370	0	0	50.8960950074837
18569	0.460555043049252	0	0	50.9044445837437
18570	0.466929297473768	0	0	50.9127501633277
18571	0.460334526094780	0	0	50.9210119775809
18572	0.459685372105202	0	0	50.9292302566324
18573	0.462269417580180	0	0	50.9374052294009
18574	0.454253559857075	0	0	50.9455371236015
18575	0.462607294943252	0	0	50.9536261657518
18576	0.458732914662784	0	0	50.9616725811787
18577	0.461327249363922	0	0	50.9696765940237
18578	0.458417150171096	0	0	50.9776384272502
18579	0.454472191887095	0	0	50.9855583026490
18580	0.454115377800171	0	0	50.9934364408446
18581	0.460874196520003	0	0	51.0012730613015
18582	0.462697483303320	0	0	51.0090683823302
18583	0.457680617510312	0	0	51.0168226210933
18584	0.454666945174614	0	0	51.0245359936115
18585	0.456103059265779	0	0	51.0322087147694
18586	0.466965394958446	0	0	51.0398409983221
18587	0.459627206246980	0	0	51.0474330569002
18588	0.462976561997730	0	0	51.0549851020168
18589	0.461495179187344	0	0	51.0624973440723
18590	0.464736937535450	0	0	51.0699699923611
18591	0.457555644225942	0	0	51.0774032550770
18592	0.461306155518160	0	0	51.0847973393189
18593	0.467962208032532	0	0	51.0921524510970
18594	0.466847966891971	0	0	51.0994687953381
18595	0.474202916915885	0	0	51.1067465758914
18596	0.463447105185912	0	0	51.1139859955342
18597	0.466952805152488	0	0	51.1211872559778
18598	0.467689179434748	0	0	51.1283505578724
18599	0.464435437786903	0	0	51.1354761008137
18600	0.456605768055740	0	0	51.1425640833473
18601	0.452665714353644	0	0	51.1496147029752
18602	0.465961735744479	0	0	51.1566281561608
18603	0.460861941203781	0	0	51.1636046383343
18604	0.471792097607422	0	0	51.1705443438985
18605	0.465487367533375	0	0	51.1774474662337
18606	0.463581086919637	0	0	51.1843141977036
18607	0.466488316214451	0	0	51.1911447296604
18608	0.466831398431706	0	0	51.1979392524500
18609	0.459947714676486	0	0	51.2046979554175
18610	0.462357877043596	0	0	51.2114210269123
18611	0.462882459996737	0	0	51.2181086542934
18612	0.468074762978501	0	0	51.2247610239348
18613	0.465726450975892	0	0	51.2313783212303
18614	0.459897999946835	0	0	51.2379607305990
18615	0.468472331456077	0	0	51.2445084354901
18616	0.464530074277283	0	0	51.2510216183884
18617	0.457392060673638	0	0	51.2575004608189
18618	0.463745254601213	0	0	51.2639451433524
18619	0.458037096836242	0	0	51.2703558456100
18620	0.460040119743296	0	0	51.2767327462683
18621	0.466145539811272	0	0	51.2830760230645
18622	0.454016940097028	0	0	51.2893858528011
18623	0.459139579171238	0	0	51.2956624113510
18624	0.469084481129560	0	0	51.3019058736622
18625	0.466067010569051	0	0	51.3081164137631
18626	0.464676819462695	0	0	51.3142942047666
18627	0.468692143562202	0	0	51.3204394188755
18628	0.470001235666568	0	0	51.3265522273873
18629	0.466563518122973	0	0	51.3326328006985
18630	0.468725653754774	0	0	51.3386813083097
18631	0.458725824969831	0	0	51.3446979188303
18632	0.461287457359734	0	0	51.3506827999831
18633	0.463850887000870	0	0	51.3566361186089
18634	0.459780097447954	0	0	51.3625580406712
18635	0.461669226342076	0	0	51.3684487312608
18636	0.468081253883100	0	0	51.3743083546007
18637	0.464100684034762	0	0	51.3801370740500
18638	0.463840837750615	0	0	51.3859350521089
18639	0.463715511379203	0	0	51.3917024504234
18640	0.465264356007358	0	0	51.3974394297891
18641	0.468163353138203	0	0	51.4031461501566
18642	0.454304892324240	0	0	51.4088227706349
18643	0.469879145850297	0	0	51.4144694494968
18644	0.467990605610425	0	0	51.4200863441827
18645	0.469685553881108	0	0	51.4256736113050
18646	0.470501520467033	0	0	51.4312314066529
18647	0.457782855367319	0	0	51.4367598851961
18648	0.463907957819382	0	0	51.4422592010896
18649	0.462717908852336	0	0	51.4477295076780
18650	0.459892516891469	0	0	51.4531709574991
18651	0.472777620112531	0	0	51.4585837022890
18652	0.463484509480606	0	0	51.4639678929859
18653	0.463217267109266	0	0	51.4693236797342
18654	0.468568694000170	0	0	51.4746512118889
18655	0.465251672177155	0	0	51.4799506380195
18656	0.463862023134593	0	0	51.4852221059145
18657	0.470326431305529	0	0	51.4904657625852
18658	0.468480725162940	0	0	51.4956817542699
18659	0.469929052260282	0	0	51.5008702264378
18660	0.472461418237554	0	0	51.5060313237934
18661	0.469260198949830	0	0	51.5111651902801
18662	0.465236805314974	0	0	51.5162719690846
18663	0.456028715447049	0	0	51.5213518026407
18664	0.475619532566284	0	0	51.5264048326330
18665	0.463676283902304	0	0	51.5314312000013
18666	0.473169720339843	0	0	51.5364310449443
18667	0.472568936870004	0	0	51.5414045069234
18668	0.471579217760713	0	0	51.5463517246667
18669	0.470759131441498	0	0	51.5512728361729
18670	0.467620421680540	0	0	51.5561679787151
18671	0.464590173187348	0	0	51.5610372888444
18672	0.463202859298099	0	0	51.5658809023940
18673	0.463252707862041	0	0	51.5706989544829
18674	0.465906972318355	0	0	51.5754915795196
18675	0.474188746934316	0	0	51.5802589112058
18676	0.457678122393678	0	0	51.5850010825401
18677	0.465248649363462	0	0	51.5897182258219
18678	0.464557657831542	0	0	51.5944104726548
18679	0.472540784598596	0	0	51.5990779539505
18680	0.467057731469037	0	0	51.6037207999324
18681	0.461709892813128	0	0	51.6083391401389
18682	0.470886139744529	0	0	51.6129331034275
18683	0.473878853113708	0	0	51.6175028179780
18684	0.467379432122723	0	0	51.6220484112963
18685	0.467746311459817	0	0	51.6265700102178
18686	0.467988434113435	0	0	51.6310677409109
18687	0.466530155951920	0	0	51.6355417288806
18688	0.473763044202935	0	0	51.6399920989721
18689	0.460569481937510	0	0	51.6444189753739
18690	0.475344349526986	0	0	51.6488224816218
18691	0.466148470636495	0	0	51.6532027406017
18692	0.463234437861202	0	0	51.6575598745534
18693	0.466909844953859	0	0	51.6618940050742
18694	0.473775459354533	0	0	51.6662052531217
18695	0.468721267503141	0	0	51.6704937390175
18696	0.470149097529145	0	0	51.6747595824508
18697	0.461402407117967	0	0	51.6790029024812
18698	0.473101261939761	0	0	51.6832238175422
18699	0.471726670996424	0	0	51.6874224454448
18700	0.472034149871309	0	0	51.6915989033803
18701	0.470119333783004	0	0	51.6957533079238
18702	0.468373898743001	0	0	51.6998857750376
18703	0.464544995186956	0	0	51.7039964200741
18704	0.469053374950625	0	0	51.7080853577791
18705	0.472477468553503	0	0	51.7121527022951
18706	0.462270339890281	0	0	51.7161985671645
18707	0.465906927238123	0	0	51.7202230653325
18708	0.463405244293559	0	0	51.7242263091505
18709	0.475707092384449	0	0	51.7282084103792
18710	0.473514273251032	0	0	51.7321694801915
18711	0.475027049087776	0	0	51.7361096291758
18712	0.467012518248145	0	0	51.7400289673389
18713	0.472451346595538	0	0	51.7439276041093
18714	0.472286273401272	0	0	51.7478056483400
18715	0.473904436802715	0	0	51.7516632083117
18716	0.472497626745335	0	0	51.7555003917357
18717	0.470534543850335	0	0	51.7593173057569
18718	0.461805484983248	0	0	51.7631140569568
18719	0.475118167102671	0	0	51.7668907513564
18720	0.467479822914617	0	0	51.7706474944195
18721	0.466644802273488	0	0	51.7743843910551
18722	0.463706544899736	0	0	51.7781015456205
18723	0.471411608851066	0	0	51.7817990619245
18724	0.470958593617907	0	0	51.7854770432299
18725	0.470673676233348	0	0	51.7891355922566
18726	0.472913719455264	0	0	51.7927748111841
18727	0.468957650837012	0	0	51.7963948016551
18728	0.476991957626500	0	0	51.7999956647775
18729	0.468786934913890	0	0	51.8035775011275
18730	0.465615359504470	0	0	51.8071404107527
18731	0.468678950805802	0	0	51.8106844931744
18732	0.466658019172345	0	0	51.8142098473908
18733	0.471463102477469	0	0	51.8177165718793
18734	0.472942697248208	0	0	51.8212047645997
18735	0.468911969256633	0	0	51.8246745229966
18736	0.474353366520838	0	0	51.8281259440022
18737	0.469788521431832	0	0	51.8315591240391
18738	0.474922831132217	0	0	51.8349741590227
18739	0.467676207185204	0	0	51.8383711443643
18740	0.471267020960271	0	0	51.8417501749733
18741	0.468653917847041	0	0	51.8451113452602
18742	0.471348549831523	0	0	51.8484547491389
18743	0.474288593608308	0	0	51.8517804800295
18744	0.467575079586954	0	0	51.8550886308612
18745	0.465311774563133	0	0	51.8583792940740
18746	0.467769159106557	0	0	51.8616525616223
18747	0.467915468807717	0	0	51.8649085249767
18748	0.474500872716262	0	0	51.8681472751270
18749	0.477253218393295	0	0	51.8713689025844
18750	0.477338112605028	0	0	51.8745734973844
18751	0.470198101650710	0	0	51.8777611490888
18752	0.474772829486023	0	0	51.8809319467887
18753	0.470483809182723	0	0	51.8840859791064
18754	0.477328739111416	0	0	51.8872233341987
18755	0.475130674801583	0	0	51.8903440997583
18756	0.474214987003957	0	0	51.8934483630173
18757	0.481497686834718	0	0	51.8965362107488
18758	0.467406067110669	0	0	51.8996077292696
18759	0.472660919531224	0	0	51.9026630044428
18760	0.477505315812996	0	0	51.9057021216800
18761	0.474894161473386	0	0	51.9087251659436
18762	0.478813063262163	0	0	51.9117322217492
18763	0.480353152057448	0	0	51.9147233731681
18764	0.469991517066755	0	0	51.9176987038295
18765	0.476285719668906	0	0	51.9206582969229
18766	0.465289303776985	0	0	51.9236022352002
18767	0.467407727705186	0	0	51.9265306009785
18768	0.476809046355206	0	0	51.9294434761416
18769	0.475731581253880	0	0	51.9323409421432
18770	0.473015434729696	0	0	51.9352230800084
18771	0.468848387380963	0	0	51.9380899703363
18772	0.472951189711800	0	0	51.9409416933023
18773	0.483373671871082	0	0	51.9437783286600
18774	0.480232464409020	0	0	51.9465999557440
18775	0.475272591520292	0	0	51.9494066534713
18776	0.476360724164665	0	0	51.9521985003443
18777	0.482777794966165	0	0	51.9549755744523
18778	0.480356006829652	0	0	51.9577379534744
18779	0.468788695323819	0	0	51.9604857146808
18780	0.479930540596350	0	0	51.9632189349356
18781	0.482174114498128	0	0	51.9659376906989
18782	0.479838913860809	0	0	51.9686420580284
18783	0.474599115024239	0	0	51.9713321125820
18784	0.480011141634215	0	0	51.9740079296200
18785	0.481972888359740	0	0	51.9766695840067
18786	0.476244938330142	0	0	51.9793171502129
18787	0.479134768565020	0	0	51.9819507023175
18788	0.480409357923218	0	0	51.9845703140104
18789	0.482242473715880	0	0	51.9871760585936
18790	0.480710294809657	0	0	51.9897680089838
18791	0.483161677349578	0	0	51.9923462377143
18792	0.479287177738243	0	0	51.9949108169369
18793	0.477372677041755	0	0	51.9974618184243
18794	0.483054605900995	0	0	51.9999993135714
18795	0.482746365418860	0	0	52.0025233733979
18796	0.476083178161751	0	0	52.0050340685502
18797	0.484716106173217	0	0	52.0075314693029
18798	0.484066360872959	0	0	52.0100156455613
18799	0.476330750577373	0	0	52.0124866668631
18800	0.486693018718964	0	0	52.0149446023802
18801	0.483726498182679	0	0	52.0173895209211
18802	0.475781515389500	0	0	52.0198214909321
18803	0.484962785764434	0	0	52.0222405804999
18804	0.488402570499144	0	0	52.0246468573530
18805	0.480964996916690	0	0	52.0270403888638
18806	0.483911522586330	0	0	52.0294212420506
18807	0.491056102131895	0	0	52.0317894835790
18808	0.488275135062407	0	0	52.0341451797643
18809	0.481558260313443	0	0	52.0364883965731
18810	0.481580758894305	0	0	52.0388191996249
18811	0.486938417576825	0	0	52.0411376541945
18812	0.488540905468167	0	0	52.0434438252131
18813	0.486439437002440	0	0	52.0457377772707
18814	0.483814009891619	0	0	52.0480195746177
18815	0.485542283169137	0	0	52.0502892811666
18816	0.488370654827130	0	0	52.0525469604937
18817	0.493916177811862	0	0	52.0547926758411
18818	0.493215144198697	0	0	52.0570264901185
18819	0.487430621239318	0	0	52.0592484659046
18820	0.483312660829414	0	0	52.0614586654491
18821	0.483511861696055	0	0	52.0636571506745
18822	0.496465008166580	0	0	52.0658439831775
18823	0.494191691429930	0	0	52.0680192242310
18824	0.494703413914003	0	0	52.0701829347858
18825	0.490135654116998	0	0	52.0723351754721
18826	0.492913630717912	0	0	52.0744760066012
18827	0.480775102666979	0	0	52.0766054881675
18828	0.483636898600240	0	0	52.0787236798498
18829	0.489991061013219	0	0	52.0808306410131
18830	0.486332776726303	0	0	52.0829264307103
18831	0.482825096626409	0	0	52.0850111076836
18832	0.488702032804546	0	0	52.0870847303666
18833	0.494723071942057	0	0	52.0891473568855
18834	0.488483831012824	0	0	52.0911990450607
18835	0.491477490059636	0	0	52.0932398524090
18836	0.501628283956541	0	0	52.0952698361442
18837	0.501684700035355	0	0	52.0972890531797
18838	0.488365645816121	0	0	52.0992975601295
18839	0.489713462562386	0	0	52.1012954133098
18840	0.483527289151202	0	0	52.1032826687408
18841	0.494708925186187	0	0	52.1052593821481
18842	0.494194134191069	0	0	52.1072256089643
18843	0.494310298434890	0	0	52.1091814043305
18844	0.499548923745627	0	0	52.1111268230978
18845	0.496901151834702	0	0	52.1130619198290
18846	0.486669748889789	0	0	52.1149867487999
18847	0.485170519437483	0	0	52.1169013640009
18848	0.494458158438771	0	0	52.1188058191386
18849	0.492143516634737	0	0	52.1207001676371
18850	0.491891631994058	0	0	52.1225844626396
18851	0.485092136723318	0	0	52.1244587570100
18852	0.491384333167437	0	0	52.1263231033339
18853	0.501226298875107	0	0	52.1281775539208
18854	0.492295000622453	0	0	52.1300221608048
18855	0.495707234012484	0	0	52.1318569757467
18856	0.495123706078131	0	0	52.1336820502348
18857	0.498370024388671	0	0	52.1354974354869
18858	0.495752935411967	0	0	52.1373031824514
18859	0.504684845578943	0	0	52.1390993418088
18860	0.494571866210984	0	0	52.1408859639731
18861	0.500253383936741	0	0	52.1426630990933
18862	0.498466530360463	0	0	52.1444307970546
18863	0.490676235024234	0	0	52.1461891074800
18864	0.501650742733453	0	0	52.1479380797313
18865	0.495080480397790	0	0	52.1496777629112
18866	0.497025980772862	0	0	52.1514082058637
18867	0.500009790547356	0	0	52.1531294571764
18868	0.507514082010635	0	0	52.1548415651812
18869	0.503041307924689	0	0	52.1565445779558
18870	0.507398533711707	0	0	52.1582385433252
18871	0.499484108455114	0	0	52.1599235088630
18872	0.502086574415203	0	0	52.1615995218924
18873	0.504294406377941	0	0	52.1632666294881
18874	0.506351487250161	0	0	52.1649248784769
18875	0.498565959883720	0	0	52.1665743154398
18876	0.500091222756334	0	0	52.1682149867124
18877	0.501363689677789	0	0	52.1698469383869
18878	0.503121721986399	0	0	52.1714702163133
18879	0.505336121119084	0	0	52.1730848661001
18880	0.505681387471609	0	0	52.1746909331164
18881	0.504614964905752	0	0	52.1762884624924
18882	0.503977980194026	0	0	52.1778774991212
18883	0.509640644331898	0	0	52.1794580876597
18884	0.498431928200242	0	0	52.1810302725302
18885	0.502403541863892	0	0	52.1825940979213
18886	0.494891599609665	0	0	52.1841496077890
18887	0.512293127464579	0	0	52.1856968458586
18888	0.510475989065481	0	0	52.1872358556252
18889	0.503649354517238	0	0	52.1887666803553
18890	0.504359730276993	0	0	52.1902893630878
18891	0.514519169167577	0	0	52.1918039466354
18892	0.507811486610010	0	0	52.1933104735856
18893	0.499130454490784	0	0	52.1948089863021
18894	0.512070391974661	0	0	52.1962995269256
18895	0.508925846045975	0	0	52.1977821373754
18896	0.512536316135649	0	0	52.1992568593503
18897	0.511575100488621	0	0	52.2007237343300
18898	0.496647548826108	0	0	52.2021828035758
18899	0.507108488025270	0	0	52.2036341081322
18900	0.517115343056177	0	0	52.2050776888280
18901	0.509371091478533	0	0	52.2065135862771
18902	0.505912548993286	0	0	52.2079418408800
18903	0.507278777815392	0	0	52.2093624928245
18904	0.513558681796582	0	0	52.2107755820875
18905	0.507994645554829	0	0	52.2121811484354
18906	0.512753026808396	0	0	52.2135792314255
18907	0.504914609991295	0	0	52.2149698704072
18908	0.502170346089762	0	0	52.2163531045230
18909	0.505853382236753	0	0	52.2177289727094
18910	0.504904354000577	0	0	52.2190975136984
18911	0.509727320618411	0	0	52.2204587660183
18912	0.518108785061837	0	0	52.2218127679946
18913	0.504536382656623	0	0	52.2231595577514
18914	0.503075332373942	0	0	52.2244991732125
18915	0.506159305505062	0	0	52.2258316521021
18916	0.501835865772065	0	0	52.2271570319460
18917	0.510101240957062	0	0	52.2284753500728
18918	0.508470454150470	0	0	52.2297866436147
18919	0.504659596888397	0	0	52.2310909495089
18920	0.513153848574776	0	0	52.2323883044980
18921	0.504388416658578	0	0	52.2336787451317
18922	0.508001437663678	0	0	52.2349623077673
18923	0.509746625000705	0	0	52.2362390285712
18924	0.508069705145374	0	0	52.2375089435194
18925	0.510207956243495	0	0	52.2387720883988
18926	0.506145887370595	0	0	52.2400284988080
18927	0.508775801714650	0	0	52.2412782101586
18928	0.508607879132926	0	0	52.2425212576760
18929	0.511810789980158	0	0	52.2437576764002
18930	0.506825506055822	0	0	52.2449875011871
18931	0.509084316944234	0	0	52.2462107667093
18932	0.513575689826914	0	0	52.2474275074570
18933	0.501514941750624	0	0	52.2486377577391
18934	0.506218922185136	0	0	52.2498415516840
18935	0.509479817119580	0	0	52.2510389232410
18936	0.507740832771817	0	0	52.2522299061804
18937	0.518035932353635	0	0	52.2534145340952
18938	0.516773054242714	0	0	52.2545928404017
18939	0.512587518917437	0	0	52.2557648583405
18940	0.512874704636849	0	0	52.2569306209775
18941	0.504793462239224	0	0	52.2580901612045
18942	0.510017730829484	0	0	52.2592435117406
18943	0.508018249722866	0	0	52.2603907051327
18944	0.500198555527290	0	0	52.2615317737566
18945	0.500327980555189	0	0	52.2626667498179
18946	0.510466958038101	0	0	52.2637956653528
18947	0.505064992810123	0	0	52.2649185522291
18948	0.508675751598451	0	0	52.2660354421469
18949	0.506861366696112	0	0	52.2671463666398
18950	0.502201425615960	0	0	52.2682513570754
18951	0.506272815091046	0	0	52.2693504446566
18952	0.509478631472048	0	0	52.2704436604220
18953	0.497355592489852	0	0	52.2715310352471
18954	0.509001399661905	0	0	52.2726125998450
18955	0.503361927379305	0	0	52.2736883847674
18956	0.512943621666105	0	0	52.2747584204052
18957	0.506176132141244	0	0	52.2758227369896
18958	0.504852304136378	0	0	52.2768813645928
18959	0.500408273143941	0	0	52.2779343331290
18960	0.501452229574078	0	0	52.2789816723549
18961	0.511238728492863	0	0	52.2800234118709
18962	0.501927465709920	0	0	52.2810595811215
18963	0.511333158420019	0	0	52.2820902093968
18964	0.511572762381896	0	0	52.2831153258324
18965	0.507507013976609	0	0	52.2841349594111
18966	0.508971588053627	0	0	52.2851491389631
18967	0.503480937167356	0	0	52.2861578931671
18968	0.501616625892937	0	0	52.2871612505508
18969	0.511861353297468	0	0	52.2881592394921
18970	0.494120783166256	0	0	52.2891518882196
18971	0.503361488772922	0	0	52.2901392248136
18972	0.505052034416882	0	0	52.2911212772065
18973	0.500417792543843	0	0	52.2920980731840
18974	0.510943154610821	0	0	52.2930696403856
18975	0.503250704454798	0	0	52.2940360063056
18976	0.506897872938644	0	0	52.2949971982937
18977	0.500544502015253	0	0	52.2959532435556
18978	0.504719839663253	0	0	52.2969041691541
18979	0.491695193313691	0	0	52.2978500020098
18980	0.508553655513634	0	0	52.2987907689015
18981	0.505286023078643	0	0	52.2997264964673
18982	0.500640757306182	0	0	52.3006572112053
18983	0.506519042775728	0	0	52.3015829394742
18984	0.507280442029033	0	0	52.3025037074941
18985	0.494979309915504	0	0	52.3034195413473
18986	0.504441739739916	0	0	52.3043304669788
18987	0.504456679034333	0	0	52.3052365101973
18988	0.498278357531527	0	0	52.3061376966757
18989	0.500603860168792	0	0	52.3070340519521
18990	0.509565710162458	0	0	52.3079256014300
18991	0.500115478470356	0	0	52.3088123703797
18992	0.497224495644630	0	0	52.3096943839383
18993	0.503324392331578	0	0	52.3105716671108
18994	0.503284791180846	0	0	52.3114442447709
18995	0.498092869220909	0	0	52.3123121416612
18996	0.499546391721850	0	0	52.3131753823945
18997	0.504246188936604	0	0	52.3140339914540
18998	0.506433280164370	0	0	52.3148879931942
18999	0.497476762865575	0	0	52.3157374118416
19000	0.499459218330356	0	0	52.3165822714951
19001	0.489010725167603	0	0	52.3174225961273
19002	0.493329124087131	0	0	52.3182584095843
19003	0.493173759661772	0	0	52.3190897355870
19004	0.490821755968904	0	0	52.3199165977316
19005	0.496575544236811	0	0	52.3207390194902
19006	0.492963738969401	0	0	52.3215570242115
19007	0.490662960771706	0	0	52.3223706351214
19008	0.502656514087886	0	0	52.3231798753236
19009	0.496194168519612	0	0	52.3239847678004
19010	0.503167682691046	0	0	52.3247853354132
19011	0.497672588572991	0	0	52.3255816009034
19012	0.503714376299268	0	0	52.3263735868924
19013	0.496567355200830	0	0	52.3271613158831
19014	0.498590332865401	0	0	52.3279448102599
19015	0.497697734820009	0	0	52.3287240922892
19016	0.490019913640035	0	0	52.3294991841209
19017	0.489634898615033	0	0	52.3302701077879
19018	0.499111228704599	0	0	52.3310368852075
19019	0.497871517440158	0	0	52.3317995381818
19020	0.489652583300126	0	0	52.3325580883982
19021	0.492934286726970	0	0	52.3333125574299
19022	0.492364816334619	0	0	52.3340629667369
19023	0.496243649253428	0	0	52.3348093376662
19024	0.495225592570125	0	0	52.3355516914527
19025	0.484805933017001	0	0	52.3362900492194
19026	0.496085570652913	0	0	52.3370244319786
19027	0.493645888440439	0	0	52.3377548606317
19028	0.493629305182060	0	0	52.3384813559705
19029	0.491281213734148	0	0	52.3392039386773
19030	0.493614976663977	0	0	52.3399226293258
19031	0.490113529887391	0	0	52.3406374483813
19032	0.485192726046002	0	0	52.3413484162018
19033	0.487923446189640	0	0	52.3420555530378
19034	0.488306736850596	0	0	52.3427588790339
19035	0.495908836579232	0	0	52.3434584142282
19036	0.500413270727175	0	0	52.3441541785538
19037	0.485849585466445	0	0	52.3448461918390
19038	0.493081054704772	0	0	52.3455344738075
19039	0.490880930208962	0	0	52.3462190440797
19040	0.490839486412100	0	0	52.3468999221725
19041	0.492508350456467	0	0	52.3475771275004
19042	0.490183626208179	0	0	52.3482506793757
19043	0.489247489184928	0	0	52.3489205970091
19044	0.481447971494049	0	0	52.3495868995106
19045	0.484570268388880	0	0	52.3502496058892
19046	0.493180426858464	0	0	52.3509087350545
19047	0.493721858087513	0	0	52.3515643058162
19048	0.490505294172470	0	0	52.3522163368853
19049	0.493290447902926	0	0	52.3528648468745
19050	0.488401994976909	0	0	52.3535098542985
19051	0.487502905665687	0	0	52.3541513775746
19052	0.485196353230960	0	0	52.3547894350235
19053	0.484698136335918	0	0	52.3554240448692
19054	0.487499381771860	0	0	52.3560552252403
19055	0.481039921471329	0	0	52.3566829941696
19056	0.486323481099278	0	0	52.3573073695955
19057	0.491579801877937	0	0	52.3579283693619
19058	0.485823481525830	0	0	52.3585460112187
19059	0.486608152529436	0	0	52.3591603128229
19060	0.485753291764385	0	0	52.3597712917383
19061	0.495664878490725	0	0	52.3603789654363
19062	0.480304908893684	0	0	52.3609833512968
19063	0.480825725188968	0	0	52.3615844666079
19064	0.487705078967048	0	0	52.3621823285672
19065	0.489797198833371	0	0	52.3627769542814
19066	0.482062462507512	0	0	52.3633683607676
19067	0.479380408157694	0	0	52.3639565649534
19068	0.482528818570625	0	0	52.3645415836773
19069	0.480997490700230	0	0	52.3651234336892
19070	0.486378673473785	0	0	52.3657021316510
19071	0.485218901679699	0	0	52.3662776941370
19072	0.469983698177507	0	0	52.3668501376343
19073	0.483862217911727	0	0	52.3674194785434
19074	0.479806094749054	0	0	52.3679857331785
19075	0.481999312187654	0	0	52.3685489177680
19076	0.483952673070700	0	0	52.3691090484550
19077	0.480655121459090	0	0	52.3696661412976
19078	0.476100579871384	0	0	52.3702202122697
19079	0.482529382271611	0	0	52.3707712772610
19080	0.480974929929320	0	0	52.3713193520778
19081	0.479563230983118	0	0	52.3718644524430
19082	0.475659718507935	0	0	52.3724065939972
19083	0.487779733038816	0	0	52.3729457922985
19084	0.480754940891438	0	0	52.3734820628234
19085	0.483002421312074	0	0	52.3740154209668
19086	0.478349347240980	0	0	52.3745458820427
19087	0.480265425003244	0	0	52.3750734612847
19088	0.490215959596426	0	0	52.3755981738462
19089	0.480628009684771	0	0	52.3761200348010
19090	0.490986278727632	0	0	52.3766390591435
19091	0.483951897976243	0	0	52.3771552617893
19092	0.483212610999398	0	0	52.3776686575757
19093	0.483210947841294	0	0	52.3781792612619
19094	0.480561198360306	0	0	52.3786870875293
19095	0.486330111877775	0	0	52.3791921509825
19096	0.483904929087102	0	0	52.3796944661490
19097	0.476809961817493	0	0	52.3801940474800
19098	0.489249907862163	0	0	52.3806909093507
19099	0.482401002547066	0	0	52.3811850660606
19100	0.486253139012718	0	0	52.3816765318344
19101	0.485120640097048	0	0	52.3821653208215
19102	0.486639322995010	0	0	52.3826514470973
19103	0.477157684337314	0	0	52.3831349246628
19104	0.481152758892115	0	0	52.3836157674459
19105	0.477714117644305	0	0	52.3840939893007
19106	0.486867862485289	0	0	52.3845696040088
19107	0.491883498189742	0	0	52.3850426252793
19108	0.480055733367598	0	0	52.3855130667491
19109	0.483327553519300	0	0	52.3859809419835
19110	0.473633251515849	0	0	52.3864462644764
19111	0.480569738236971	0	0	52.3869090476508
19112	0.476609701528660	0	0	52.3873693048591
19113	0.486038809385373	0	0	52.3878270493834
19114	0.491574076456799	0	0	52.3882822944361
19115	0.482888483541166	0	0	52.3887350531600
19116	0.483500709742257	0	0	52.3891853386290
19117	0.484176618283810	0	0	52.3896331638480
19118	0.478135732900716	0	0	52.3900785417536
19119	0.471934681873780	0	0	52.3905214852145
19120	0.481707885165543	0	0	52.3909620070317
19121	0.478244216499104	0	0	52.3914001199386
19122	0.485482396422855	0	0	52.3918358366020
19123	0.487778884897282	0	0	52.3922691696220
19124	0.478413410434608	0	0	52.3927001315324
19125	0.485421950599783	0	0	52.3931287348011
19126	0.472519541447123	0	0	52.3935549918304
19127	0.480874693495389	0	0	52.3939789149575
19128	0.480352802387426	0	0	52.3944005164546
19129	0.480408260261133	0	0	52.3948198085295
19130	0.478353408512370	0	0	52.3952368033256
19131	0.475210124839281	0	0	52.3956515129228
19132	0.479268420301419	0	0	52.3960639493371
19133	0.482340353923973	0	0	52.3964741245215
19134	0.479865012378347	0	0	52.3968820503663
19135	0.485482911320730	0	0	52.3972877386989
19136	0.477112727995773	0	0	52.3976912012848
19137	0.475131217292376	0	0	52.3980924498275
19138	0.480574026405925	0	0	52.3984914959692
19139	0.479006137372704	0	0	52.3988883512904
19140	0.483960166373809	0	0	52.3992830273113
19141	0.472568246142056	0	0	52.3996755354911
19142	0.478732538424580	0	0	52.4000658872288
19143	0.481881218039196	0	0	52.4004540938636
19144	0.476004379852095	0	0	52.4008401666750
19145	0.477071936566903	0	0	52.4012241168832
19146	0.485542940695696	0	0	52.4016059556494
19147	0.485222055199346	0	0	52.4019856940762
19148	0.488182145945714	0	0	52.4023633432076
19149	0.483281135697808	0	0	52.4027389140297
19150	0.478781384143012	0	0	52.4031124174707
19151	0.478126480497123	0	0	52.4034838644017
19152	0.482572548611514	0	0	52.4038532656361
19153	0.487549401780722	0	0	52.4042206319308
19154	0.481648310111893	0	0	52.4045859739860
19155	0.472275970343927	0	0	52.4049493024457
19156	0.474197445539824	0	0	52.4053106278980
19157	0.483427779898055	0	0	52.4056699608751
19158	0.479250198508474	0	0	52.4060273118541
19159	0.483340627354590	0	0	52.4063826912567
19160	0.482925715724766	0	0	52.4067361094501
19161	0.472998805388292	0	0	52.4070875767468
19162	0.488001385155952	0	0	52.4074371034051
19163	0.474685412844837	0	0	52.4077846996293
19164	0.482761610677184	0	0	52.4081303755704
19165	0.480497610928846	0	0	52.4084741413255
19166	0.481202452040084	0	0	52.4088160069389
19167	0.487085774683739	0	0	52.4091559824021
19168	0.485637561060817	0	0	52.4094940776540
19169	0.478364449358199	0	0	52.4098303025813
19170	0.474594793322824	0	0	52.4101646670185
19171	0.485333794153806	0	0	52.4104971807486
19172	0.481977320494965	0	0	52.4108278535032
19173	0.480588914143071	0	0	52.4111566949625
19174	0.478985054749904	0	0	52.4114837147561
19175	0.483265955857937	0	0	52.4118089224626
19176	0.477638967394205	0	0	52.4121323276105
19177	0.489855834001211	0	0	52.4124539396782
19178	0.479159942411856	0	0	52.4127737680942
19179	0.478948987376964	0	0	52.4130918222372
19180	0.480247241234474	0	0	52.4134081114370
19181	0.480768045159327	0	0	52.4137226449741
19182	0.479943961376305	0	0	52.4140354320802
19183	0.476874886156485	0	0	52.4143464819385
19184	0.484513898181346	0	0	52.4146558036839
19185	0.476807863041973	0	0	52.4149634064033
19186	0.475406090728943	0	0	52.4152692991357
19187	0.482759980202664	0	0	52.4155734908728
19188	0.478339744007698	0	0	52.4158759905588
19189	0.479612493045744	0	0	52.4161768070910
19190	0.472772683210186	0	0	52.4164759493198
19191	0.477101822214427	0	0	52.4167734260492
19192	0.482881088893408	0	0	52.4170692460367
19193	0.479315268596374	0	0	52.4173634179941
19194	0.480012401824974	0	0	52.4176559505870
19195	0.476826732415282	0	0	52.4179468524357
19196	0.475409977722765	0	0	52.4182361321150
19197	0.475663295983898	0	0	52.4185237981548
19198	0.477615501973900	0	0	52.4188098590400
19199	0.478367837119312	0	0	52.4190943232110
19200	0.484381894855540	0	0	52.4193771990636
19201	0.477663025905190	0	0	52.4196584949496
19202	0.488162621905726	0	0	52.4199382191771
19203	0.486729184594977	0	0	52.4202163800100
19204	0.480390358277015	0	0	52.4204929856693
19205	0.475599407068762	0	0	52.4207680443324
19206	0.482213340741674	0	0	52.4210415641338
19207	0.477915200390788	0	0	52.4213135531653
19208	0.481458332355443	0	0	52.4215840194760
19209	0.482905294897705	0	0	52.4218529710729
19210	0.484168549087958	0	0	52.4221204159206
19211	0.474137704551844	0	0	52.4223863619422
19212	0.474972520035751	0	0	52.4226508170188
19213	0.488071554203499	0	0	52.4229137889902
19214	0.477437986476133	0	0	52.4231752856549
19215	0.479361146186291	0	0	52.4234353147706
19216	0.488940557409136	0	0	52.4236938840540
19217	0.483493071770439	0	0	52.4239510011812
19218	0.485687373773723	0	0	52.4242066737881
19219	0.478043574967728	0	0	52.4244609094704
19220	0.488129276607759	0	0	52.4247137157838
19221	0.480863056615492	0	0	52.4249651002443
19222	0.482542343399187	0	0	52.4252150703284
19223	0.476043323478690	0	0	52.4254636334733
19224	0.480834812388360	0	0	52.4257107970769
19225	0.478388374217297	0	0	52.4259565684986
19226	0.482508542169844	0	0	52.4262009550587
19227	0.475328010994279	0	0	52.4264439640392
19228	0.477275475749915	0	0	52.4266856026838
19229	0.476723309108060	0	0	52.4269258781981
19230	0.477065827276673	0	0	52.4271647977498
19231	0.476783253907080	0	0	52.4274023684690
19232	0.477969736105713	0	0	52.4276385974481
19233	0.473256074407978	0	0	52.4278734917423
19234	0.477363048239568	0	0	52.4281070583699
19235	0.470283932855366	0	0	52.4283393043119
19236	0.472788648182619	0	0	52.4285702365131
19237	0.485066529084994	0	0	52.4287998618812
19238	0.476878906108372	0	0	52.4290281872882
19239	0.479405448673623	0	0	52.4292552195693
19240	0.476947309670569	0	0	52.4294809655244
19241	0.484918353741173	0	0	52.4297054319172
19242	0.473110148142172	0	0	52.4299286254760
19243	0.479453299760916	0	0	52.4301505528937
19244	0.490389553512362	0	0	52.4303712208281
19245	0.485349787347083	0	0	52.4305906359018
19246	0.484186725157983	0	0	52.4308088047027
19247	0.479690547940656	0	0	52.4310257337840
19248	0.495837976755327	0	0	52.4312414296646
19249	0.479346776204567	0	0	52.4314558988289
19250	0.484963250111009	0	0	52.4316691477274
19251	0.489059404106230	0	0	52.4318811827765
19252	0.479922454110516	0	0	52.4320920103590
19253	0.480232884333749	0	0	52.4323016368240
19254	0.479470441369116	0	0	52.4325100684874
19255	0.474850842371972	0	0	52.4327173116318
19256	0.484468742367036	0	0	52.4329233725067
19257	0.479521773931259	0	0	52.4331282573287
19258	0.472003622190879	0	0	52.4333319722820
19259	0.482651808846148	0	0	52.4335345235180
19260	0.485138113942001	0	0	52.4337359171559
19261	0.480549527301179	0	0	52.4339361592825
19262	0.482979202824894	0	0	52.4341352559530
19263	0.480807795509311	0	0	52.4343332131903
19264	0.473441517173241	0	0	52.4345300369859
19265	0.480854461601130	0	0	52.4347257332999
19266	0.479443555583967	0	0	52.4349203080607
19267	0.473046784241021	0	0	52.4351137671658
19268	0.472474238302801	0	0	52.4353061164818
19269	0.483811820147458	0	0	52.4354973618440
19270	0.482074075029463	0	0	52.4356875090574
19271	0.475527050859176	0	0	52.4358765638964
19272	0.473649744649788	0	0	52.4360645321050
19273	0.486254939243949	0	0	52.4362514193970
19274	0.485277062610220	0	0	52.4364372314561
19275	0.477089979364766	0	0	52.4366219739362
19276	0.481548697917948	0	0	52.4368056524615
19277	0.481688449400621	0	0	52.4369882726265
19278	0.479775576584277	0	0	52.4371698399963
19279	0.480788142933919	0	0	52.4373503601069
19280	0.489064114106084	0	0	52.4375298384651
19281	0.481519874481127	0	0	52.4377082805485
19282	0.487318557420161	0	0	52.4378856918064
19283	0.484426610164513	0	0	52.4380620776589
19284	0.477838155481609	0	0	52.4382374434981
19285	0.487032067048809	0	0	52.4384117946874
19286	0.477173460667430	0	0	52.4385851365621
19287	0.483874855146680	0	0	52.4387574744294
19288	0.481109521708881	0	0	52.4389288135688
19289	0.480340620240144	0	0	52.4390991592318
19290	0.485416555951193	0	0	52.4392685166423
19291	0.481621580523840	0	0	52.4394368909969
19292	0.481367915027898	0	0	52.4396042874648
19293	0.485382995067580	0	0	52.4397707111880
19294	0.485870203180793	0	0	52.4399361672814
19295	0.484219605209637	0	0	52.4401006608331
19296	0.481353186019494	0	0	52.4402641969044
19297	0.473336448463835	0	0	52.4404267805300
19298	0.482983299187576	0	0	52.4405884167181
19299	0.485858030617780	0	0	52.4407491104506
19300	0.479271241750566	0	0	52.4409088666832
19301	0.478545689127559	0	0	52.4410676903456
19302	0.481323944697511	0	0	52.4412255863414
19303	0.482713646546455	0	0	52.4413825595486
19304	0.483046255631791	0	0	52.4415386148195
19305	0.478592949643883	0	0	52.4416937569808
19306	0.489238754763631	0	0	52.4418479908340
19307	0.474466513757067	0	0	52.4420013211551
19308	0.475380131130781	0	0	52.4421537526951
19309	0.492207548507534	0	0	52.4423052901802
19310	0.483318544961045	0	0	52.4424559383115
19311	0.486226383044818	0	0	52.4426057017655
19312	0.476773164781179	0	0	52.4427545851941
19313	0.479706454306735	0	0	52.4429025932246
19314	0.490430903325558	0	0	52.4430497304602
19315	0.480542910226163	0	0	52.4431960014798
19316	0.477766970498640	0	0	52.4433414108382
19317	0.481372014122518	0	0	52.4434859630662
19318	0.471264384259609	0	0	52.4436296626708
19319	0.484899271142424	0	0	52.4437725141354
19320	0.479399283344671	0	0	52.4439145219198
19321	0.476804320408802	0	0	52.4440556904602
19322	0.477878513642308	0	0	52.4441960241697
19323	0.479764459885664	0	0	52.4443355274380
19324	0.478864581006459	0	0	52.4444742046318
19325	0.474053827222706	0	0	52.4446120600948
19326	0.478228740667936	0	0	52.4447490981480
19327	0.483019346306583	0	0	52.4448853230895
19328	0.477566650296263	0	0	52.4450207391949
19329	0.478701664945935	0	0	52.4451553507173
19330	0.478628896996906	0	0	52.4452891618873
19331	0.481381440388541	0	0	52.4454221769135
19332	0.480557293312904	0	0	52.4455543999823
19333	0.479538496886874	0	0	52.4456858352579
19334	0.475393360352889	0	0	52.4458164868829
19335	0.476476281443587	0	0	52.4459463589778
19336	0.483609852166523	0	0	52.4460754556416
19337	0.477655934977565	0	0	52.4462037809519
19338	0.483564812150269	0	0	52.4463313389646
19339	0.483813623372571	0	0	52.4464581337143
19340	0.485743887486905	0	0	52.4465841692145
19341	0.485785036249038	0	0	52.4467094494576
19342	0.478286722318544	0	0	52.4468339784149
19343	0.482819702298343	0	0	52.4469577600370
19344	0.484779815664261	0	0	52.4470807982534
19345	0.479925442383047	0	0	52.4472030969733
19346	0.478120947294985	0	0	52.4473246600851
19347	0.478584876752935	0	0	52.4474454914569
19348	0.491031275443799	0	0	52.4475655949363
19349	0.480401878455672	0	0	52.4476849743509
19350	0.478991233123002	0	0	52.4478036335080
19351	0.483258226169067	0	0	52.4479215761949
19352	0.482584267287987	0	0	52.4480388061790
19353	0.487202801155462	0	0	52.4481553272079
19354	0.481995983612503	0	0	52.4482711430094
19355	0.483878272555170	0	0	52.4483862572920
19356	0.479157769072652	0	0	52.4485006737444
19357	0.485449047044323	0	0	52.4486143960359
19358	0.478926050523694	0	0	52.4487274278167
19359	0.485817615208914	0	0	52.4488397727177
19360	0.473415685586172	0	0	52.4489514343506
19361	0.489404380025189	0	0	52.4490624163084
19362	0.476892221772814	0	0	52.4491727221649
19363	0.480223382356674	0	0	52.4492823554752
19364	0.479090556015755	0	0	52.4493913197759
19365	0.483749199032587	0	0	52.4494996185848
19366	0.482363755903774	0	0	52.4496072554012
19367	0.488760317849053	0	0	52.4497142337061
19368	0.481582168198569	0	0	52.4498205569620
19369	0.484739263112103	0	0	52.4499262286136
19370	0.485607003790076	0	0	52.4500312520870
19371	0.483029274313824	0	0	52.4501356307906
19372	0.481353623635567	0	0	52.4502393681148
19373	0.484763308784434	0	0	52.4503424674321
19374	0.476431797886040	0	0	52.4504449320974
19375	0.480945258629914	0	0	52.4505467654479
19376	0.483013939881636	0	0	52.4506479708031
19377	0.482305293950034	0	0	52.4507485514653
19378	0.483696159005160	0	0	52.4508485107194
19379	0.479497957357822	0	0	52.4509478518328
19380	0.477944081074226	0	0	52.4510465780558
19381	0.479713368417868	0	0	52.4511446926219
19382	0.481121723622740	0	0	52.4512421987473
19383	0.475727578433710	0	0	52.4513390996313
19384	0.481159531878459	0	0	52.4514353984564
19385	0.481730801868155	0	0	52.4515310983885
19386	0.475970848344383	0	0	52.4516262025767
19387	0.471530732481352	0	0	52.4517207141537
19388	0.477975100432349	0	0	52.4518146362355
19389	0.491839096932333	0	0	52.4519079719219
19390	0.483308254128629	0	0	52.4520007242963
19391	0.491451456427693	0	0	52.4520928964260
19392	0.475888688724097	0	0	52.4521844913621
19393	0.482073172671915	0	0	52.4522755121396
19394	0.476225953000539	0	0	52.4523659617775
19395	0.491612945981975	0	0	52.4524558432793
19396	0.476374738114006	0	0	52.4525451596322
19397	0.481644249317887	0	0	52.4526339138080
19398	0.483456950357507	0	0	52.4527221087628
19399	0.477385698895569	0	0	52.4528097474371
19400	0.486765086854137	0	0	52.4528968327560
19401	0.478443817420082	0	0	52.4529833676293
19402	0.472979548295201	0	0	52.4530693549514
19403	0.481007898570729	0	0	52.4531547976014
19404	0.480544281675080	0	0	52.4532396984433
19405	0.480146763866309	0	0	52.4533240603263
19406	0.478839607882900	0	0	52.4534078860842
19407	0.485928374801003	0	0	52.4534911785363
19408	0.481871809275208	0	0	52.4535739404867
19409	0.484719531866510	0	0	52.4536561747251
19410	0.475105751269562	0	0	52.4537378840262
19411	0.487619392920945	0	0	52.4538190711504
19412	0.480219271403720	0	0	52.4538997388434
19413	0.487297614176998	0	0	52.4539798898367
19414	0.477781637495972	0	0	52.4540595268470
19415	0.483391176303968	0	0	52.4541386525772
19416	0.469507173107390	0	0	52.4542172697156
19417	0.479820127405230	0	0	52.4542953809366
19418	0.485645085160704	0	0	52.4543729889005
19419	0.483028120002188	0	0	52.4544500962536
19420	0.486239243295510	0	0	52.4545267056282
19421	0.483013607789728	0	0	52.4546028196428
19422	0.474744142213986	0	0	52.4546784409023
19423	0.485158098085410	0	0	52.4547535719976
19424	0.481906572455063	0	0	52.4548282155062
19425	0.488436279550397	0	0	52.4549023739919
19426	0.483883261940252	0	0	52.4549760500053
19427	0.485747701938499	0	0	52.4550492460832
19428	0.483467145991814	0	0	52.4551219647493
19429	0.479201762348429	0	0	52.4551942085141
19430	0.484904747832106	0	0	52.4552659798746
19431	0.486349563225559	0	0	52.4553372813149
19432	0.486377655259888	0	0	52.4554081153060
19433	0.482284206659545	0	0	52.4554784843060
19434	0.477176539934260	0	0	52.4555483907598
19435	0.485678539588839	0	0	52.4556178370997
19436	0.477381329982931	0	0	52.4556868257451
19437	0.485144044846152	0	0	52.4557553591027
19438	0.477761438382792	0	0	52.4558234395665
19439	0.488647567278631	0	0	52.4558910695181
19440	0.489018285476519	0	0	52.4559582513263
19441	0.477765865661847	0	0	52.4560249873476
19442	0.485730582345999	0	0	52.4560912799262
19443	0.488586607322394	0	0	52.4561571313937
19444	0.482968358535930	0	0	52.4562225440697
19445	0.478944353406663	0	0	52.4562875202615
19446	0.477063477628912	0	0	52.4563520622642
19447	0.487326945030382	0	0	52.4564161723610
19448	0.484365793818076	0	0	52.4564798528229
19449	0.474675938132675	0	0	52.4565431059092
19450	0.479108984227938	0	0	52.4566059338670
19451	0.488699273028202	0	0	52.4566683389319
19452	0.481372221180634	0	0	52.4567303233276
19453	0.485589642119561	0	0	52.4567918892660
19454	0.484981183974643	0	0	52.4568530389475
19455	0.478291646018102	0	0	52.4569137745611
19456	0.488254001462997	0	0	52.4569740982838
19457	0.485352177430390	0	0	52.4570340122817
19458	0.474337830477036	0	0	52.4570935187092
19459	0.482091906514702	0	0	52.4571526197094
19460	0.486192384989466	0	0	52.4572113174142
19461	0.485702070107865	0	0	52.4572696139442
19462	0.480307272460012	0	0	52.4573275114090
19463	0.486873606465941	0	0	52.4573850119070
19464	0.474689330542603	0	0	52.4574421175254
19465	0.477382176457816	0	0	52.4574988303409
19466	0.482900836456160	0	0	52.4575551524187
19467	0.480014637015917	0	0	52.4576110858136
19468	0.481385685671500	0	0	52.4576666325694
19469	0.486496997846719	0	0	52.4577217947192
19470	0.486321986821638	0	0	52.4577765742853
19471	0.479818668794085	0	0	52.4578309732795
19472	0.481370827615181	0	0	52.4578849937029
19473	0.490525351833322	0	0	52.4579386375463
19474	0.483562793686895	0	0	52.4579919067897
19475	0.479547861002816	0	0	52.4580448034030
19476	0.475153057294451	0	0	52.4580973293456
19477	0.484794562800434	0	0	52.4581494865665
19478	0.479620237533967	0	0	52.4582012770047
19479	0.477576598871080	0	0	52.4582527025888
19480	0.482577847646137	0	0	52.4583037652373
19481	0.482194771034369	0	0	52.4583544668587
19482	0.481840166220448	0	0	52.4584048093513
19483	0.480581488194781	0	0	52.4584547946036
19484	0.483399094854611	0	0	52.4585044244941
19485	0.482038054152808	0	0	52.4585537008914
19486	0.481621458581303	0	0	52.4586026256542
19487	0.483023530215622	0	0	52.4586512006316
19488	0.480289311428272	0	0	52.4586994276629
19489	0.488209493523410	0	0	52.4587473085777
19490	0.482977557585089	0	0	52.4587948451959
19491	0.479375452528967	0	0	52.4588420393280
19492	0.490600369488727	0	0	52.4588888927750
19493	0.472718193968621	0	0	52.4589354073282
19494	0.480867784810941	0	0	52.4589815847696
19495	0.484906630705365	0	0	52.4590274268720
19496	0.492249748114204	0	0	52.4590729353986
19497	0.479497521325495	0	0	52.4591181121036
19498	0.492616097306664	0	0	52.4591629587316
19499	0.488967203499537	0	0	52.4592074770184
19500	0.488334242988443	0	0	52.4592516686906
19501	0.481603452812745	0	0	52.4592955354655
19502	0.481505392454007	0	0	52.4593390790515
19503	0.489561882961741	0	0	52.4593823011482
19504	0.490439138644828	0	0	52.4594252034461
19505	0.484054753939554	0	0	52.4594677876266
19506	0.482996648503640	0	0	52.4595100553627
19507	0.488858288469153	0	0	52.4595520083182
19508	0.485497536621330	0	0	52.4595936481485
19509	0.481016432574887	0	0	52.4596349764999
19510	0.481519370359265	0	0	52.4596759950105
19511	0.485314690650902	0	0	52.4597167053093
19512	0.479345724587560	0	0	52.4597571090172
19513	0.480416046676291	0	0	52.4597972077463
19514	0.478394103873549	0	0	52.4598370031002
19515	0.486023507044659	0	0	52.4598764966743
19516	0.480398976544980	0	0	52.4599156900553
19517	0.482426747132694	0	0	52.4599545848219
19518	0.477525258310818	0	0	52.4599931825441
19519	0.481872676170883	0	0	52.4600314847841
19520	0.486106498295550	0	0	52.4600694930954
19521	0.483275696099989	0	0	52.4601072090238
19522	0.487785728727103	0	0	52.4601446341067
19523	0.486862818024337	0	0	52.4601817698734
19524	0.482286063559610	0	0	52.4602186178452
19525	0.484026495160224	0	0	52.4602551795355
19526	0.483650809444999	0	0	52.4602914564497
19527	0.483131704657529	0	0	52.4603274500852
19528	0.478063797737475	0	0	52.4603631619316
19529	0.485590622244128	0	0	52.4603985934706
19530	0.487321964325506	0	0	52.4604337461762
19531	0.480575785429718	0	0	52.4604686215146
19532	0.480934427486748	0	0	52.4605032209443
19533	0.483651461099962	0	0	52.4605375459161
19534	0.485023102744601	0	0	52.4605715978732
19535	0.475548682471479	0	0	52.4606053782513
19536	0.482224024688744	0	0	52.4606388884783
19537	0.483710128101622	0	0	52.4606721299749
19538	0.485432483419926	0	0	52.4607051041541
19539	0.487015520089285	0	0	52.4607378124216
19540	0.484410513280720	0	0	52.4607702561756
19541	0.480449254442171	0	0	52.4608024368070
19542	0.479577905773482	0	0	52.4608343556995
19543	0.488943271319794	0	0	52.4608660142293
19544	0.484541838294147	0	0	52.4608974137656
19545	0.488734778540737	0	0	52.4609285556702
19546	0.489096227631676	0	0	52.4609594412978
19547	0.484398907166630	0	0	52.4609900719961
19548	0.480142816220090	0	0	52.4610204491055
19549	0.484559949850257	0	0	52.4610505739595
19550	0.486141454805176	0	0	52.4610804478846
19551	0.476693564858621	0	0	52.4611100722002
19552	0.487800242489971	0	0	52.4611394482189
19553	0.477492467586140	0	0	52.4611685772463
19554	0.483373903871375	0	0	52.4611974605812
19555	0.481953439912189	0	0	52.4612260995156
19556	0.472819577968192	0	0	52.4612544953345
19557	0.479057797587135	0	0	52.4612826493164
19558	0.484061010708058	0	0	52.4613105627329
19559	0.485867151446979	0	0	52.4613382368491
19560	0.477048974386031	0	0	52.4613656729232
19561	0.477420479658880	0	0	52.4613928722070
19562	0.488594734983784	0	0	52.4614198359456
19563	0.484562163289342	0	0	52.4614465653776
19564	0.478980476555447	0	0	52.4614730617350
19565	0.480608696079920	0	0	52.4614993262435
19566	0.478639250179925	0	0	52.4615253601222
19567	0.484527830061409	0	0	52.4615511645838
19568	0.488217406203749	0	0	52.4615767408348
19569	0.473731707723597	0	0	52.4616020900751
19570	0.472858989529469	0	0	52.4616272134984
19571	0.480981873548987	0	0	52.4616521122921
19572	0.480053899342028	0	0	52.4616767876376
19573	0.487621637074200	0	0	52.4617012407096
19574	0.481454138049721	0	0	52.4617254726771
19575	0.481209478156045	0	0	52.4617494847027
19576	0.477191677141194	0	0	52.4617732779429
19577	0.490978147384618	0	0	52.4617968535481
19578	0.487966446095023	0	0	52.4618202126629
19579	0.480210046681093	0	0	52.4618433564255
19580	0.480424373387132	0	0	52.4618662859685
19581	0.485862606221746	0	0	52.4618890024181
19582	0.476845779785944	0	0	52.4619115068951
19583	0.479241253626513	0	0	52.4619338005139
19584	0.479133539552485	0	0	52.4619558843834
19585	0.481617497395616	0	0	52.4619777596065
19586	0.492233226500348	0	0	52.4619994272804
19587	0.477034619552151	0	0	52.4620208884964
19588	0.474331982249925	0	0	52.4620421443402
19589	0.490038764691023	0	0	52.4620631958918
19590	0.482076311699175	0	0	52.4620840442252
19591	0.484645119160689	0	0	52.4621046904093
19592	0.477396114943577	0	0	52.4621251355068
19593	0.480427660779378	0	0	52.4621453805753
19594	0.483402639822160	0	0	52.4621654266666
19595	0.478112384254302	0	0	52.4621852748269
19596	0.490053684643319	0	0	52.4622049260971
19597	0.486292897917707	0	0	52.4622243815125
19598	0.479559843343798	0	0	52.4622436421030
19599	0.479382385343043	0	0	52.4622627088930
19600	0.483317360154306	0	0	52.4622815829017
19601	0.487236025349169	0	0	52.4623002651427
19602	0.485632782662649	0	0	52.4623187566244
19603	0.485227842997007	0	0	52.4623370583500
19604	0.478709217767191	0	0	52.4623551713173
19605	0.482070668819922	0	0	52.4623730965187
19606	0.487969077686337	0	0	52.4623908349417
19607	0.481112730315449	0	0	52.4624083875685
19608	0.487220179653503	0	0	52.4624257553759
19609	0.477521083585367	0	0	52.4624429393360
19610	0.485036924196650	0	0	52.4624599404154
19611	0.483389457201667	0	0	52.4624767595757
19612	0.490740248770715	0	0	52.4624933977736
19613	0.479983335032239	0	0	52.4625098559607
19614	0.486121516172946	0	0	52.4625261350836
19615	0.477588378846612	0	0	52.4625422360838
19616	0.479042322725777	0	0	52.4625581598979
19617	0.484044335112598	0	0	52.4625739074577
19618	0.472299875018694	0	0	52.4625894796901
19619	0.481233040694849	0	0	52.4626048775169
19620	0.479668629320721	0	0	52.4626201018553
19621	0.479787385306810	0	0	52.4626351536175
19622	0.483822056095075	0	0	52.4626500337111
19623	0.490628915854033	0	0	52.4626647430386
19624	0.476646731567768	0	0	52.4626792824981
19625	0.483540882067524	0	0	52.4626936529829
19626	0.479473791583787	0	0	52.4627078553814
19627	0.480325143663516	0	0	52.4627218905775
19628	0.482316841129833	0	0	52.4627357594505
19629	0.486785327071590	0	0	52.4627494628750
19630	0.482782511816430	0	0	52.4627630017209
19631	0.480692913965029	0	0	52.4627763768536
19632	0.478666420890576	0	0	52.4627895891342
19633	0.486693429736427	0	0	52.4628026394188
19634	0.482983821111739	0	0	52.4628155285594
19635	0.485118912468323	0	0	52.4628282574032
19636	0.487107177905566	0	0	52.4628408267934
19637	0.487203089153345	0	0	52.4628532375682
19638	0.476181172237645	0	0	52.4628654905617
19639	0.487925129901827	0	0	52.4628775866038
19640	0.481444169325591	0	0	52.4628895265196
19641	0.486094131145409	0	0	52.4629013111301
19642	0.479053949853698	0	0	52.4629129412521
19643	0.483808998792735	0	0	52.4629244176979
19644	0.475183296060547	0	0	52.4629357412755
19645	0.489010554732320	0	0	52.4629469127889
19646	0.477011383691787	0	0	52.4629579330377
19647	0.475092472787961	0	0	52.4629688028172
19648	0.477401901092925	0	0	52.4629795229187
19649	0.481380654128314	0	0	52.4629900941293
19650	0.489351403426786	0	0	52.4630005172320
19651	0.482838677541097	0	0	52.4630107930055
19652	0.484237829912661	0	0	52.4630209222245
19653	0.480171069023364	0	0	52.4630309056598
19654	0.480561203314326	0	0	52.4630407440778
19655	0.484192529563868	0	0	52.4630504382413
19656	0.492671848588852	0	0	52.4630599889087
19657	0.480356495601383	0	0	52.4630693968346
19658	0.476057656797900	0	0	52.4630786627696
19659	0.475875818822082	0	0	52.4630877874603
19660	0.488114299678930	0	0	52.4630967716496
19661	0.486565715184910	0	0	52.4631056160762
19662	0.489099981646792	0	0	52.4631143214750
19663	0.488447734837921	0	0	52.4631228885771
19664	0.484870998230854	0	0	52.4631313181098
19665	0.487188571174316	0	0	52.4631396107964
19666	0.485453819475806	0	0	52.4631477673566
19667	0.485235158026351	0	0	52.4631557885062
19668	0.488196327607095	0	0	52.4631636749572
19669	0.477695171066522	0	0	52.4631714274179
19670	0.480635065060042	0	0	52.4631790465930
19671	0.481991795559373	0	0	52.4631865331832
19672	0.480421761237890	0	0	52.4631938878858
19673	0.480037821511490	0	0	52.4632011113944